Лемма	positive		negative		not positive	pos fraction		pos fraction without Moscow		mean pos percentage		mean neg percentage		pos neg ratio		percentage defect		rank defect	
семский	25	25	0	0	17	100.00	100.00	100.00	100.00	0.03	0.03	0.00	0.00	inf	inf	0.00	0.00	0.00	0.00
одоробло	16	16	0	0	6	100.00	100.00	100.00	100.00	0.00	0.00	0.00	0.00	inf	inf	0.00	0.00	0.00	0.00
селючка	9	9	0	0	4	100.00	100.00	100.00	100.00	0.00	0.00	0.00	0.00	inf	inf	0.00	0.00	0.00	0.00
манты	13	13	0	0	13	100.00	100.00	100.00	100.00	0.00	0.00	0.00	0.00	inf	inf	0.00	0.00	0.00	0.00
ганделик	5	5	0	0	2	100.00	100.00	100.00	100.00	0.00	0.00	0.00	0.00	inf	inf	0.00	0.00	0.00	0.00
тыняться	13	13	0	0	5	100.00	100.00	100.00	100.00	0.00	0.00	0.00	0.00	inf	inf	0.00	0.00	0.00	0.00
наявность	24	24	0	0	5	100.00	100.00	100.00	100.00	0.00	0.00	0.00	0.00	inf	inf	0.00	0.00	0.00	0.00
головар	6	6	2	2	10	75.00	75.00	100.00	100.00	0.11	0.11	0.00	0.00	107.38	inf	0.00	0.00	0.00	0.00
мамбетизм	10	10	1	1	17	90.91	90.91	90.91	90.91	0.01	0.01	0.00	0.00	100.40	inf	0.00	0.00	0.00	0.00
Новчик	5	5	3	3	4	62.50	62.50	83.33	83.33	0.07	0.07	0.00	0.00	46.86	inf	0.00	0.00	0.00	0.00
Ульск	11	11	5	5	7	68.75	68.75	91.67	91.67	0.14	0.14	0.00	0.00	43.03	inf	0.00	0.00	0.00	0.00
Невинка	9	9	3	3	2	75.00	75.00	90.00	90.00	0.11	0.11	0.00	0.00	25.13	inf	0.00	0.00	0.00	0.00
Улановка	6	6	1	1	1	85.71	85.71	85.71	85.71	0.11	0.11	0.01	0.00	13.57	inf	0.00	0.00	0.00	0.00
Лебердон	9	9	1	1	1	90.00	90.00	90.00	90.00	0.04	0.04	0.00	0.00	12.38	inf	0.00	0.00	0.00	0.00
култук	25	25	6	6	18	80.65	80.65	80.65	80.65	0.20	0.20	0.02	0.00	12.37	inf	0.00	0.00	0.00	0.00
горсад	71	71	10	10	40	87.65	87.65	89.87	89.87	0.06	0.12	0.01	0.00	9.69	inf	0.07	0.00	0.07	0.00
Светлик	5	5	1	1	4	83.33	83.33	83.33	83.33	0.06	0.06	0.01	0.00	9.05	inf	0.00	0.00	0.00	0.00
богатка	7	7	4	4	10	63.64	63.64	87.50	87.50	0.03	0.03	0.00	0.00	8.26	inf	0.00	0.00	0.00	0.00
Симф	49	49	24	24	48	67.12	67.12	73.13	73.13	0.21	0.21	0.03	0.02	6.51	10.20	0.00	0.00	0.00	0.00
Севаст	25	25	22	22	27	53.19	53.19	55.56	55.56	0.11	0.11	0.02	0.02	6.32	6.32	0.00	0.00	0.00	0.00
италмас	7	7	3	3	5	70.00	70.00	77.78	77.78	0.08	0.08	0.01	0.00	5.90	inf	0.00	0.00	0.00	0.00
рясно	152	152	4	4	66	97.44	97.44	98.70	98.70	0.02	0.02	0.00	0.00	5.88	inf	0.00	0.00	0.00	0.00
Кёник	6	6	5	5	7	54.55	54.55	66.67	66.67	0.07	0.07	0.01	0.00	5.88	inf	0.00	0.00	0.00	0.00
Севск	14	14	8	8	13	63.64	63.64	66.67	66.67	0.09	0.11	0.02	0.00	5.72	inf	0.00	0.00	0.00	0.00
буузы	12	12	12	12	37	50.00	50.00	60.00	60.00	0.13	0.20	0.02	0.00	5.70	inf	0.00	0.00	0.00	0.00
Орен	61	61	79	79	84	43.57	43.57	48.03	48.03	0.49	0.49	0.09	0.09	5.30	5.30	0.00	0.00	0.00	0.00
бичиха	21	21	7	7	20	75.00	75.00	84.00	84.00	0.06	0.09	0.01	0.00	4.83	inf	0.03	0.00	0.19	0.00
Чебы	20	20	30	30	23	40.00	40.00	60.61	60.61	0.27	0.27	0.06	0.01	4.60	30.89	0.00	0.00	0.00	0.00
Долгопа	8	8	14	14	11	36.36	36.36	88.89	88.89	0.03	0.03	0.01	0.01	4.59	4.59	0.00	0.00	0.00	0.00
скибка	19	19	1	1	9	95.00	95.00	100.00	100.00	0.00	0.00	0.00	0.00	4.56	inf	0.00	0.00	0.00	0.00
тремпель	49	49	18	18	52	73.13	73.13	76.56	76.56	0.06	0.16	0.02	0.01	3.96	13.96	0.09	0.00	0.44	0.00
мамбет	110	110	24	24	103	82.09	82.09	83.33	83.33	0.16	0.16	0.04	0.00	3.94	451.17	0.00	0.00	0.00	0.00
однёшка	11	11	1	1	2	91.67	91.67	91.67	91.67	0.03	0.03	0.01	0.00	3.78	inf	0.00	0.00	0.00	0.00
Семск	47	47	4	4	37	92.16	92.16	92.16	92.16	0.06	0.06	0.02	0.00	3.54	inf	0.00	0.00	0.00	0.00
балашка	9	9	10	10	13	47.37	47.37	69.23	69.23	0.03	0.01	0.01	0.00	4.26	3.22	0.00	0.00	0.00	0.00
швендять	13	13	1	1	2	92.86	92.86	100.00	100.00	0.00	0.00	0.00	0.00	3.12	inf	0.00	0.00	0.00	0.00
Кёниг	40	40	158	158	155	20.20	20.20	24.54	24.54	0.45	0.45	0.14	0.03	3.10	14.92	0.00	0.00	0.00	0.00
микрик	14	14	19	19	21	42.42	42.42	43.75	43.75	0.06	0.13	0.02	0.00	2.77	173.83	0.08	0.00	0.16	0.00
аршан	21	21	33	33	40	38.89	38.89	42.00	42.00	0.29	0.33	0.08	0.14	3.60	2.39	0.00	0.00	0.00	0.00
шаверма	23	23	245	245	368	8.58	8.58	11.00	11.00	0.25	0.29	0.11	0.06	2.17	4.70	0.10	0.08	0.31	0.22
сарайка	36	36	20	20	64	64.29	64.29	72.00	72.00	0.04	0.05	0.02	0.00	2.16	46.22	0.23	0.00	0.21	0.00
мивина	539	539	37	37	300	93.58	93.58	94.73	94.73	0.07	0.07	0.03	0.00	2.03	18.50	0.00	0.00	0.00	0.00
Левбердон	5	5	3	3	6	62.50	62.50	62.50	62.50	0.02	0.02	0.01	0.00	1.93	inf	0.00	0.00	0.00	0.00
секционка	14	14	5	5	12	73.68	73.68	73.68	73.68	0.04	0.04	0.02	0.00	1.83	inf	0.05	0.00	0.11	0.00
Новорос	10	10	9	9	5	52.63	52.63	55.56	55.56	0.03	0.03	0.02	0.00	1.81	inf	0.00	0.00	0.00	0.00
повешать	68	68	61	61	79	52.71	52.71	55.74	55.74	0.04	0.04	0.02	0.00	1.74	19.82	0.19	0.00	0.24	0.00
рясный	58	58	5	5	24	92.06	92.06	93.55	93.55	0.03	0.01	0.02	0.00	1.71	inf	0.23	0.00	0.67	0.00
парма	34	34	206	206	155	14.17	14.17	15.96	15.96	0.13	0.13	0.08	0.05	1.68	2.41	0.02	0.00	0.25	0.00
мамбетка	25	25	3	3	13	89.29	89.29	92.59	92.59	0.06	0.06	0.04	0.00	1.54	inf	0.26	0.00	0.25	0.00
улучшенка	13	13	4	4	9	76.47	76.47	76.47	76.47	0.02	0.03	0.01	0.00	1.53	inf	0.19	0.00	0.33	0.00
КГТ	21	21	14	14	37	60.00	60.00	63.64	63.64	0.09	0.14	0.06	0.00	1.51	inf	0.17	0.00	0.50	0.00
Новосиб	229	229	194	194	216	54.14	54.14	63.61	63.61	0.23	0.23	0.15	0.10	1.48	2.26	0.19	0.14	0.39	0.22
бздых	7	7	8	8	6	46.67	46.67	70.00	70.00	0.02	0.02	0.02	0.00	1.48	9.46	0.00	0.00	0.00	0.00
Новочек	11	11	7	7	11	61.11	61.11	73.33	73.33	0.05	0.05	0.03	0.00	1.47	inf	0.00	0.00	0.00	0.00
повешаться	37	37	32	32	75	53.62	53.62	59.68	59.68	0.02	0.02	0.02	0.00	1.41	12.40	0.25	0.00	0.34	0.00
позная	11	11	22	22	24	33.33	33.33	35.48	35.48	0.04	0.07	0.03	0.00	1.37	84.72	0.12	0.00	0.44	0.00
Симфер	88	88	9	9	25	90.72	90.72	96.70	96.70	0.01	0.01	0.01	0.00	1.31	3.52	0.00	0.00	0.00	0.00
насаться	8	8	5	5	11	61.54	61.54	66.67	66.67	0.02	0.04	0.01	0.00	1.26	inf	0.34	0.00	0.67	0.00
копняк	9	9	56	56	44	13.85	13.85	13.85	13.85	0.03	0.06	0.03	0.03	1.26	1.71	0.11	0.00	0.44	0.00
баклажка	69	69	26	26	66	72.63	72.63	69.41	69.41	0.03	0.03	0.02	0.00	1.22	inf	0.28	0.00	0.49	0.00
пасочка	761	761	111	111	297	87.27	87.27	90.17	90.17	0.08	0.09	0.06	0.03	1.21	3.54	0.17	0.00	0.38	0.00
полторушка	5	5	1	1	6	83.33	83.33	100.00	100.00	0.00	0.00	0.00	0.00	1.20	inf	0.00	0.00	0.00	0.00
Ебург	51	51	55	55	40	48.11	48.11	57.95	57.95	0.04	0.05	0.04	0.01	1.15	8.93	0.27	-0.00	0.38	0.00
Ахтари	5	5	4	4	6	55.56	55.56	55.56	55.56	0.02	0.02	0.02	0.00	1.09	inf	0.00	0.00	0.00	0.00
малосемейка	114	114	112	112	94	50.44	50.44	52.29	52.29	0.04	0.06	0.03	0.05	1.41	1.08	0.34	0.37	0.33	0.45
толока	83	83	9	9	29	90.22	90.22	95.40	95.40	0.01	0.01	0.01	0.00	1.07	3.89	0.29	0.00	0.50	0.00
подклад	302	302	318	318	304	48.71	48.71	53.08	53.08	0.08	0.09	0.08	0.05	1.07	1.70	0.28	0.12	0.48	0.22
брежневка	24	24	14	14	23	63.16	63.16	68.57	68.57	0.02	0.02	0.02	0.00	0.98	inf	0.44	0.00	0.37	0.00
мамбетский	30	30	1	1	26	96.77	96.77	96.77	96.77	0.02	0.04	0.03	0.00	0.89	inf	0.46	0.00	0.50	0.00
ботсад	173	173	85	85	117	67.05	67.05	62.22	62.22	0.04	0.07	0.05	0.06	0.88	1.19	0.43	0.34	0.73	0.56
Стерлик	9	9	7	7	7	56.25	56.25	64.29	64.29	0.02	0.02	0.03	0.00	0.88	inf	0.12	0.00	1.00	0.00
Зелик	10	10	45	45	29	18.18	18.18	29.41	29.41	0.05	0.09	0.06	0.01	0.82	8.44	0.42	0.00	0.50	0.00
потеряшка	110	110	361	361	313	23.35	23.35	26.76	26.76	0.07	0.07	0.08	0.09	0.87	0.81	0.33	0.36	0.61	0.67
отворотка	7	7	4	4	6	63.64	63.64	63.64	63.64	0.02	0.04	0.03	0.00	0.77	inf	0.50	0.00	0.33	0.00
гембель	7	7	20	20	30	25.93	25.93	33.33	33.33	0.02	0.02	0.03	0.00	0.76	8.13	0.24	0.00	1.00	0.00
сталинка	126	126	76	76	156	62.38	62.38	75.45	75.45	0.02	0.02	0.03	0.01	0.73	1.56	0.47	0.18	0.41	0.28
сродный	28	28	194	194	181	12.61	12.61	13.93	13.93	0.04	0.03	0.06	0.04	0.72	0.83	0.39	0.32	0.72	0.67
Новоросс	33	33	112	112	62	22.76	22.76	27.50	27.50	0.06	0.11	0.08	0.06	0.72	1.96	0.45	0.00	0.75	0.00
пайта	29	29	34	34	46	46.03	46.03	46.77	46.77	0.05	0.05	0.07	0.01	0.71	6.05	0.39	0.00	0.50	0.00
Челяба	92	92	89	89	131	50.83	50.83	58.23	58.23	0.10	0.14	0.14	0.02	0.70	8.54	0.50	0.00	0.67	0.00
политсила	124	124	30	30	45	80.52	80.52	88.57	88.57	0.02	0.02	0.02	0.01	0.65	2.13	0.35	0.00	1.00	0.00
реготать	49	49	4	4	23	92.45	92.45	96.08	96.08	0.00	0.01	0.01	0.00	0.64	inf	0.36	0.00	1.00	0.00
сотовый	635	635	5511	5511	5026	10.33	10.33	11.85	11.85	0.51	0.51	0.83	0.73	0.61	0.70	0.43	0.36	0.81	0.75
яйла	18	18	24	24	34	42.86	42.86	51.43	51.43	0.08	0.08	0.13	0.01	0.59	10.91	0.41	0.00	1.00	0.00
улка	24	24	78	78	53	23.53	23.53	26.09	26.09	0.03	0.02	0.05	0.04	0.60	0.53	0.48	0.47	0.83	1.00
гирло	66	66	8	8	35	89.19	89.19	94.29	94.29	0.01	0.01	0.01	0.00	0.51	inf	0.56	0.00	0.44	0.00
Кривбасс	100	100	8	8	34	92.59	92.59	93.46	93.46	0.01	0.01	0.03	0.00	0.48	inf	0.52	0.00	1.00	0.00
шихан	24	24	55	55	59	30.38	30.38	35.29	35.29	0.03	0.03	0.07	0.00	0.47	7.00	0.53	0.00	1.00	0.00
выпадывать	14	14	15	15	19	48.28	48.28	53.85	53.85	0.02	0.02	0.04	0.00	0.47	inf	0.54	0.00	0.75	0.00
греча	43	43	1966	1966	1903	2.14	2.14	2.55	2.55	0.21	0.23	0.46	0.35	0.46	0.67	0.54	0.39	0.96	0.69
перваш	8	8	9	9	8	47.06	47.06	50.00	50.00	0.01	0.01	0.01	0.00	0.44	inf	0.56	0.00	1.00	0.00
селюк	410	410	46	46	205	89.91	89.91	92.34	92.34	0.05	0.05	0.12	0.01	0.40	8.21	0.60	0.00	1.00	0.00
поварёшка	52	52	199	199	259	20.72	20.72	23.96	23.96	0.03	0.03	0.07	0.05	0.38	0.52	0.63	0.48	0.93	1.00
наливайка	71	71	25	25	44	73.96	73.96	76.34	76.34	0.02	0.01	0.05	0.00	0.37	19.62	0.65	0.00	0.67	0.00
горпарк	11	11	17	17	12	39.29	39.29	40.74	40.74	0.04	0.04	0.10	0.10	0.36	0.36	0.64	0.64	1.00	1.00
занос	198	198	1112	1112	1154	15.11	15.11	0.00	0.00	0.10	0.10	0.31	0.22	0.33	0.47	0.67	0.53	1.00	1.00
тям	18	18	13	13	14	58.06	58.06	75.00	75.00	0.01	0.00	0.01	0.00	1.31	0.31	0.28	0.69	0.44	1.00
Ирк	16	16	13	13	28	55.17	55.17	59.26	59.26	0.00	0.00	0.02	0.00	0.28	inf	0.72	0.00	1.00	0.00
кубло	102	102	62	62	132	62.20	62.20	69.86	69.86	0.02	0.01	0.06	0.01	0.28	1.15	0.74	0.00	0.86	0.00
парафия	17	17	5	5	15	77.27	77.27	94.44	94.44	0.00	0.00	0.01	0.00	0.25	inf	0.75	0.00	1.00	0.00
гранчак	6	6	2	2	4	75.00	75.00	85.71	85.71	0.00	0.00	0.00	0.00	0.24	inf	0.76	0.00	1.00	0.00
сотик	55	55	111	111	117	33.13	33.13	35.71	35.71	0.02	0.02	0.05	0.11	0.43	0.22	0.61	0.78	0.80	1.00
батониться	11	11	6	6	10	64.71	64.71	78.57	78.57	0.02	0.02	0.08	0.00	0.21	inf	0.82	0.00	0.24	0.00
матный	53	53	827	827	808	6.02	6.02	6.85	6.85	0.06	0.06	0.28	0.20	0.21	0.29	0.79	0.71	1.00	1.00
мобилка	361	361	548	548	744	39.71	39.71	45.70	45.70	0.04	0.04	0.22	0.21	0.20	0.21	0.80	0.79	1.00	1.00
таксофирма	6	6	2	2	3	75.00	75.00	85.71	85.71	0.00	0.00	0.00	0.00	0.19	inf	0.81	0.00	1.00	0.00
обменка	94	94	82	82	92	53.41	53.41	60.26	60.26	0.01	0.01	0.06	0.02	0.18	0.59	0.82	0.41	1.00	1.00
стёрка	64	64	106	106	154	37.65	37.65	42.67	42.67	0.01	0.01	0.08	0.02	0.18	0.66	0.82	0.46	1.00	0.75
бусик	90	90	71	71	94	55.90	55.90	66.67	66.67	0.01	0.01	0.05	0.01	0.15	1.17	0.85	0.14	1.00	0.50
кравчучка	25	25	13	13	32	65.79	65.79	73.53	73.53	0.00	0.00	0.02	0.00	0.14	inf	0.86	0.00	1.00	0.00
кинопалац	7	7	2	2	2	77.78	77.78	87.50	87.50	0.00	0.00	0.01	0.00	0.14	inf	0.86	0.00	1.00	0.00
хабза	7	7	4	4	22	63.64	63.64	77.78	77.78	0.01	0.01	0.07	0.00	0.13	inf	0.87	0.00	0.50	0.00
поребрик	15	15	625	625	430	2.34	2.34	2.70	2.70	0.02	0.02	0.18	0.16	0.12	0.15	0.88	0.85	1.00	1.00
байга	11	11	4	4	8	73.33	73.33	73.33	73.33	0.01	0.01	0.12	0.00	0.11	inf	0.89	0.00	1.00	0.00
чинарик	20	20	116	116	209	14.71	14.71	1.69	1.69	0.01	0.01	0.10	0.02	0.10	0.43	0.90	0.57	1.00	1.00
сидушка	43	43	159	159	160	21.29	21.29	0.00	0.00	0.02	0.02	0.21	0.04	0.10	0.57	0.90	0.43	1.00	1.00
шухлядка	10	10	6	6	6	62.50	62.50	66.67	66.67	0.00	0.00	0.01	0.00	0.10	inf	0.90	0.00	1.00	0.00
дюндель	6	6	3	3	3	66.67	66.67	66.67	66.67	0.00	0.00	0.01	0.00	0.09	inf	0.91	0.00	1.00	0.00
маланец	6	6	2	2	6	75.00	75.00	75.00	75.00	0.00	0.00	0.01	0.00	0.08	inf	0.92	0.00	1.00	0.00
открывачка	5	5	2	2	1	71.43	71.43	71.43	71.43	0.00	0.00	0.01	0.00	0.07	inf	0.93	0.00	1.00	0.00
обменник	22	22	669	669	358	3.18	3.18	3.68	3.68	0.02	0.02	0.34	0.19	0.07	0.12	0.93	0.88	1.00	1.00
Симфи	9	9	7	7	7	56.25	56.25	64.29	64.29	0.00	0.00	0.02	0.00	0.06	inf	0.94	0.00	1.00	0.00
кугут	13	13	10	10	9	56.52	56.52	56.52	56.52	0.00	0.00	0.05	0.00	0.06	inf	0.94	0.00	1.00	0.00
муляка	5	5	1	1	0	83.33	83.33	83.33	83.33	0.00	0.00	0.01	0.00	0.05	inf	0.95	0.00	1.00	0.00
новостийный	51	51	58	58	69	46.79	46.79	51.52	51.52	0.01	0.01	0.13	0.01	0.05	1.23	0.95	0.00	1.00	0.00
догонялки	34	34	1171	1170	979	2.82	2.82	3.24	3.25	0.07	0.10	1.50	0.39	0.05	0.25	0.95	0.75	1.00	1.00
ругачка	9	9	56	56	50	13.85	13.85	16.36	16.36	0.00	0.01	0.10	0.11	0.04	0.06	0.96	0.94	1.00	1.00
дудлить	5	5	5	5	13	50.00	50.00	71.43	71.43	0.00	0.00	0.02	0.00	0.03	inf	0.97	0.00	1.00	0.00
растрынькать	6	6	5	5	8	54.55	54.55	54.55	54.55	0.00	0.00	0.04	0.00	0.02	inf	0.98	0.00	1.00	0.00
ракушняк	21	21	9	9	13	70.00	70.00	80.77	80.77	0.00	0.00	0.22	0.00	0.01	inf	0.99	0.00	1.00	0.00
тосать	0	0	1	1	1	0.00	0.00	0.00	0.00	0.00	0.00	0.01	0.00	0.00	0.00	0.00	0.00	1.00	1.00
бичара	5	5	22	22	22	18.52	18.52	20.83	20.83	0.02	0.00	0.02	0.00	0.80	0.00	0.36	0.00	0.56	1.00
Бирик	1	1	0	0	3	100.00	100.00	100.00	100.00	0.01	0.00	0.00	0.00	inf	0.00	0.00	0.00	0.00	1.00
шаталить	0	0	1	1	2	0.00	0.00	0.00	0.00	0.00	0.00	0.00	0.00	0.00	0.00	0.00	0.00	1.00	1.00
бздышка	1	1	0	0	1	100.00	100.00	100.00	100.00	0.00	0.00	0.00	0.00	inf	0.00	0.00	0.00	0.00	1.00
Старочек	2	2	0	0	1	100.00	100.00	100.00	100.00	0.01	0.00	0.00	0.00	inf	0.00	0.00	0.00	0.00	1.00
пастик	1	1	6	6	8	14.29	14.29	14.29	14.29	0.01	0.00	0.01	0.00	0.73	0.00	0.27	0.00	1.00	1.00
единка	0	0	2	2	3	0.00	0.00	0.00	0.00	0.00	0.00	0.01	0.00	0.00	0.00	0.00	0.00	1.00	1.00
мобиль	0	0	383	383	271	0.00	0.00	0.00	0.00	0.00	0.00	0.15	0.07	0.00	0.00	0.00	0.00	1.00	1.00
шишковать	0	0	1	1	1	0.00	0.00	0.00	0.00	0.00	0.00	0.00	0.00	0.00	0.00	0.00	0.00	1.00	1.00
хилять	3	3	31	31	32	8.82	8.82	10.71	10.71	0.03	0.00	0.03	0.00	1.08	0.00	0.37	0.00	0.67	1.00
Вартовск	2	2	41	41	19	4.65	4.65	4.88	4.88	0.01	0.00	0.24	0.24	0.06	0.00	0.94	0.00	1.00	1.00
политпроект	2	2	4	4	5	33.33	33.33	33.33	33.33	0.00	0.00	0.01	0.00	0.02	0.00	0.98	0.00	1.00	1.00
кралька	4	4	2	2	4	66.67	66.67	100.00	100.00	0.01	0.00	0.00	0.00	11.88	0.00	0.00	0.00	0.00	1.00
таксичка	1	1	1	1	3	50.00	50.00	50.00	50.00	0.01	0.00	0.02	0.00	0.61	0.00	0.39	0.00	1.00	1.00
перебуробить	0	0	2	2	3	0.00	0.00	0.00	0.00	0.00	0.00	0.00	0.00	0.00	0.00	0.00	0.00	1.00	1.00
вартовский	0	0	11	11	6	0.00	0.00	0.00	0.00	0.00	0.00	0.08	0.08	0.00	0.00	0.00	0.00	1.00	1.00
мырк	0	0	5	5	12	0.00	0.00	0.00	0.00	0.00	0.00	0.01	0.00	0.00	0.00	0.00	0.00	1.00	1.00
родовик	0	0	3	3	0	0.00	0.00	0.00	0.00	0.00	0.00	0.02	0.00	0.00	0.00	0.00	0.00	1.00	1.00
бичёвка	7	7	16	16	20	30.43	30.43	33.33	33.33	0.01	0.00	0.05	0.00	0.22	0.00	0.78	0.00	1.00	1.00
юганский	2	2	6	6	6	25.00	25.00	28.57	28.57	0.01	0.00	0.02	0.00	0.78	0.00	0.22	0.00	1.00	1.00
тэшка	0	0	6	6	12	0.00	0.00	0.00	0.00	0.00	0.00	0.02	0.00	0.00	0.00	0.00	0.00	1.00	1.00
жулькать	3	3	3	3	1	50.00	50.00	60.00	60.00	0.00	0.00	0.00	0.00	2.09	0.00	0.00	0.00	0.25	1.00
матиться	2	2	6	6	4	25.00	25.00	25.00	25.00	0.01	0.00	0.01	0.00	1.24	0.00	0.00	0.00	0.00	1.00
метельщик	0	0	3	3	4	0.00	0.00	0.00	0.00	0.00	0.00	0.01	0.00	0.00	0.00	0.00	0.00	1.00	1.00
энский	3	3	19	19	17	13.64	13.64	15.00	15.00	0.01	0.00	0.03	0.00	0.24	0.00	0.76	0.00	1.00	1.00
кугутский	1	1	2	2	0	33.33	33.33	33.33	33.33	0.00	0.00	0.01	0.00	0.29	0.00	0.71	0.00	1.00	1.00
прометейка	0	0	1	1	0	0.00	0.00	0.00	0.00	0.00	0.00	0.00	0.00	0.00	0.00	0.00	0.00	1.00	1.00
дирик	0	0	51	51	51	0.00	0.00	0.00	0.00	0.00	0.00	0.04	0.01	0.00	0.00	0.00	0.00	1.00	1.00
бендёжка	1	1	0	0	1	100.00	100.00	100.00	100.00	0.00	0.00	0.00	0.00	inf	0.00	0.00	0.00	0.00	1.00
прохилять	1	1	0	0	1	100.00	100.00	100.00	100.00	0.00	0.00	0.00	0.00	inf	0.00	0.00	0.00	0.00	1.00
хабарь	1	1	67	67	35	1.47	1.47	1.52	1.52	0.00	0.00	0.08	0.02	0.04	0.00	0.96	0.00	1.00	1.00
дняра	1	1	4	4	4	20.00	20.00	25.00	25.00	0.03	0.00	0.01	0.00	2.35	0.00	0.00	0.00	0.00	1.00
тигули	1	1	5	5	2	16.67	16.67	33.33	33.33	0.01	0.00	0.02	0.00	0.53	0.00	0.47	0.00	1.00	1.00
чебак	4	4	6	6	7	40.00	40.00	50.00	50.00	0.01	0.00	0.01	0.00	1.38	0.00	0.26	0.00	0.50	1.00
тарбаган	1	1	3	3	3	25.00	25.00	25.00	25.00	0.03	0.00	0.01	0.00	2.21	0.00	0.00	0.00	0.00	1.00
захилять	0	0	2	2	1	0.00	0.00	0.00	0.00	0.00	0.00	0.00	0.00	0.00	0.00	0.00	0.00	1.00	1.00
битловка	0	0	4	4	3	0.00	0.00	0.00	0.00	0.00	0.00	0.01	0.00	0.00	0.00	0.00	0.00	1.00	1.00
мещер	0	0	2	2	0	0.00	0.00	0.00	0.00	0.00	0.00	0.02	0.00	0.00	0.00	0.00	0.00	1.00	1.00
карпалить	0	0	1	1	0	0.00	0.00	0.00	0.00	0.00	0.00	0.00	0.00	0.00	0.00	0.00	0.00	1.00	1.00
сахаляр	1	1	0	0	1	100.00	100.00	100.00	100.00	0.01	0.00	0.00	0.00	inf	0.00	0.00	0.00	0.00	1.00
полярка	4	4	15	15	10	21.05	21.05	22.22	22.22	0.04	0.00	0.08	0.14	0.47	0.00	0.58	0.00	0.50	1.00
фазанка	8	8	3	3	12	72.73	72.73	72.73	72.73	0.09	0.00	0.01	0.00	13.58	0.00	0.07	0.00	0.11	1.00
пятнашки	0	0	164	164	154	0.00	0.00	0.00	0.00	0.00	0.00	0.33	0.02	0.00	0.00	0.00	0.00	1.00	1.00
сорожка	2	2	4	4	4	33.33	33.33	33.33	33.33	0.00	0.00	0.01	0.00	0.46	0.00	0.54	0.00	1.00	1.00
бичевоз	0	0	1	1	1	0.00	0.00	0.00	0.00	0.00	0.00	0.00	0.00	0.00	0.00	0.00	0.00	1.00	1.00
горошница	4	4	6	6	6	40.00	40.00	44.44	44.44	0.01	0.00	0.01	0.00	0.70	0.00	0.32	0.00	0.75	1.00
пиджачник	0	0	8	8	3	0.00	0.00	0.00	0.00	0.00	0.00	0.01	0.00	0.00	0.00	0.00	0.00	1.00	1.00
рипус	0	0	1	1	11	0.00	0.00	0.00	0.00	0.00	0.00	0.01	0.00	0.00	0.00	0.00	0.00	1.00	1.00
балок	0	0	8	8	4	0.00	0.00	0.00	0.00	0.00	0.00	0.02	0.00	0.00	0.00	0.00	0.00	1.00	1.00
ламбушка	0	0	1	1	7	0.00	0.00	0.00	0.00	0.00	0.00	0.00	0.00	0.00	0.00	0.00	0.00	1.00	1.00
кульбик	1	1	0	0	0	100.00	100.00	100.00	100.00	0.00	0.00	0.00	0.00	inf	0.00	0.00	0.00	0.00	1.00
глоссик	2	2	0	0	2	100.00	100.00	100.00	100.00	0.00	0.00	0.00	0.00	inf	0.00	0.00	0.00	0.00	1.00
полторачка	1	1	0	0	1	100.00	100.00	100.00	100.00	0.00	0.00	0.00	0.00	inf	0.00	0.00	0.00	0.00	1.00
вилюшка	0	0	5	5	2	0.00	0.00	0.00	0.00	0.00	0.00	0.02	0.00	0.00	0.00	0.00	0.00	1.00	1.00
жердёла	2	2	4	4	4	33.33	33.33	40.00	40.00	0.01	0.00	0.01	0.00	0.50	0.00	0.50	0.00	1.00	1.00
вовсюда	1	1	5	5	4	16.67	16.67	33.33	33.33	0.03	0.00	0.01	0.00	3.73	0.00	0.00	0.00	0.00	1.00
многоквартирник	3	3	5	5	1	37.50	37.50	42.86	42.86	0.01	0.00	0.02	0.00	0.51	0.00	0.49	0.00	1.00	1.00
верхонка	1	1	1	1	2	50.00	50.00	100.00	100.00	0.01	0.00	0.00	0.00	15.21	0.00	0.00	0.00	0.00	1.00
мантышница	0	0	11	11	6	0.00	0.00	0.00	0.00	0.00	0.00	0.02	0.00	0.00	0.00	0.00	0.00	1.00	1.00
Слепцовская	1	1	0	0	2	100.00	100.00	100.00	100.00	0.21	0.00	0.00	0.00	inf	0.00	0.00	0.00	0.00	1.00
каблуха	2	2	5	5	6	28.57	28.57	33.33	33.33	0.01	0.00	0.02	0.00	0.36	0.00	0.64	0.00	1.00	1.00
дерибас	1	1	34	34	17	2.86	2.86	3.33	3.33	0.01	0.00	0.04	0.03	0.35	0.00	0.65	0.00	1.00	1.00
стародачный	2	2	0	0	4	100.00	100.00	0.00	0.00	0.00	0.00	0.00	0.00	inf	0.00	0.00	0.00	0.00	1.00
заоднем	0	0	1	1	2	0.00	0.00	0.00	0.00	0.00	0.00	0.00	0.00	0.00	0.00	0.00	0.00	1.00	1.00
купорка	1	1	3	3	4	25.00	25.00	33.33	33.33	0.00	0.00	0.02	0.00	0.19	0.00	0.81	0.00	1.00	1.00
котельцовый	2	2	0	0	0	100.00	100.00	100.00	100.00	0.06	0.00	0.00	0.00	inf	0.00	0.00	0.00	0.00	1.00
кунять	3	3	7	7	4	30.00	30.00	37.50	37.50	0.00	0.00	0.01	0.00	0.03	0.00	0.97	0.00	1.00	1.00
шалабушки	0	0	1	1	1	0.00	0.00	0.00	0.00	0.00	0.00	0.00	0.00	0.00	0.00	0.00	0.00	1.00	1.00
гороховица	1	1	0	0	2	100.00	100.00	100.00	100.00	0.01	0.00	0.00	0.00	inf	0.00	0.00	0.00	0.00	1.00
ляпки	5	5	43	43	44	10.42	10.42	12.20	12.20	0.02	0.00	0.09	0.00	0.18	0.00	0.82	0.00	1.00	1.00
тутник	0	0	1	1	0	0.00	0.00	0.00	0.00	0.00	0.00	0.00	0.00	0.00	0.00	0.00	0.00	1.00	1.00
чухать	0	0	98	98	84	0.00	0.00	0.00	0.00	0.00	0.00	0.05	0.03	0.00	0.00	0.00	0.00	1.00	1.00
пухто	0	0	4	4	14	0.00	0.00	0.00	0.00	0.00	0.00	0.31	0.00	0.00	0.00	0.00	0.00	1.00	1.00
сорога	3	3	3	3	4	50.00	50.00	50.00	50.00	0.02	0.00	0.02	0.00	0.87	0.00	0.21	0.00	0.50	1.00
окараться	2	2	0	0	1	100.00	100.00	100.00	100.00	0.01	0.00	0.00	0.00	inf	0.00	0.00	0.00	0.00	1.00
горбулка	0	0	5	5	2	0.00	0.00	0.00	0.00	0.00	0.00	0.00	0.00	0.00	0.00	0.00	0.00	1.00	1.00
кеч	0	0	35	35	49	0.00	0.00	0.00	0.00	0.00	0.00	0.18	0.03	0.00	0.00	0.00	0.00	1.00	1.00
тулик	0	0	3	3	0	0.00	0.00	0.00	0.00	0.00	0.00	0.01	0.00	0.00	0.00	0.00	0.00	1.00	1.00
араз	0	0	48	48	32	0.00	0.00	0.00	0.00	0.00	0.00	0.06	0.01	0.00	0.00	0.00	0.00	1.00	1.00
рыпа	0	0	269	269	315	0.00	0.00	0.00	0.00	0.00	0.00	0.33	0.33	0.00	0.00	0.00	0.00	1.00	1.00
вербач	1	1	0	0	1	100.00	100.00	100.00	100.00	0.00	0.00	0.00	0.00	inf	0.00	0.00	0.00	0.00	1.00
сотовик	0	0	9	9	6	0.00	0.00	0.00	0.00	0.00	0.00	0.23	0.00	0.00	0.00	0.00	0.00	1.00	1.00
тырситься	0	0	1	1	0	0.00	0.00	0.00	0.00	0.00	0.00	0.00	0.00	0.00	0.00	0.00	0.00	1.00	1.00
дикорос	5	5	47	47	28	9.62	9.62	10.87	10.87	0.01	0.00	0.06	0.00	0.22	0.00	0.78	0.00	1.00	1.00
материковский	0	0	1	1	3	0.00	0.00	0.00	0.00	0.00	0.00	0.00	0.00	0.00	0.00	0.00	0.00	1.00	1.00
рыготать	1	1	1	1	5	50.00	50.00	100.00	100.00	0.00	0.00	0.00	0.00	6.75	0.00	0.00	0.00	0.00	1.00
двухквартирник	1	1	0	0	0	100.00	100.00	100.00	100.00	0.11	0.00	0.00	0.00	inf	0.00	0.00	0.00	0.00	1.00
йошкинский	0	0	1	1	1	0.00	0.00	0.00	0.00	0.00	0.00	0.01	0.00	0.00	0.00	0.00	0.00	1.00	1.00
мультифорка	2	2	3	3	0	40.00	40.00	66.67	66.67	0.01	0.00	0.02	0.00	0.47	0.00	0.66	0.00	0.50	1.00
шобон	0	0	5	5	3	0.00	0.00	0.00	0.00	0.00	0.00	0.00	0.00	0.00	0.00	0.00	0.00	1.00	1.00
районский	2	2	8	8	6	20.00	20.00	22.22	22.22	0.11	0.00	0.02	0.00	4.58	0.00	0.00	0.00	0.00	1.00
Слепцовка	0	0	1	1	0	0.00	0.00	0.00	0.00	0.00	0.00	0.01	0.00	0.00	0.00	0.00	0.00	1.00	1.00
коринка	0	0	7	7	10	0.00	0.00	0.00	0.00	0.00	0.00	0.02	0.00	0.00	0.00	0.00	0.00	1.00	1.00
бурситет	2	2	1	1	0	66.67	66.67	66.67	66.67	0.00	0.00	0.00	0.00	0.20	0.00	0.80	0.00	1.00	1.00
изнахратить	3	3	4	4	3	42.86	42.86	42.86	42.86	0.01	0.00	0.01	0.00	1.13	0.00	0.15	0.00	0.44	1.00
опанелка	0	0	1	1	1	0.00	0.00	0.00	0.00	0.00	0.00	0.01	0.00	0.00	0.00	0.00	0.00	1.00	1.00
селюковский	2	2	4	4	5	33.33	33.33	50.00	50.00	0.00	0.00	0.01	0.00	0.02	0.00	0.98	0.00	1.00	1.00
бичёвник	0	0	1	1	4	0.00	0.00	0.00	0.00	0.00	0.00	0.00	0.00	0.00	0.00	0.00	0.00	1.00	1.00
мульда	3	3	2	2	0	60.00	60.00	75.00	75.00	0.03	0.00	0.00	0.00	7.70	0.00	0.00	0.00	0.00	1.00
деляна	5	5	4	4	1	55.56	55.56	71.43	71.43	0.01	0.00	0.00	0.00	3.11	0.00	0.14	0.00	0.12	1.00
ульский	0	0	2	2	2	0.00	0.00	0.00	0.00	0.00	0.00	0.12	0.00	0.00	0.00	0.00	0.00	1.00	1.00
родова	2	2	31	31	21	6.06	6.06	6.90	6.90	0.01	0.00	0.03	0.00	0.32	0.00	0.68	0.00	1.00	1.00
казёнить	0	0	6	6	6	0.00	0.00	0.00	0.00	0.00	0.00	0.01	0.00	0.00	0.00	0.00	0.00	1.00	1.00
замного	0	0	2	2	2	0.00	0.00	0.00	0.00	0.00	0.00	0.02	0.00	0.00	0.00	0.00	0.00	1.00	1.00
багадул	1	1	1	1	1	50.00	50.00	50.00	50.00	0.05	0.00	0.01	0.00	8.70	0.00	0.00	0.00	0.00	1.00
бозо	0	0	13	13	16	0.00	0.00	0.00	0.00	0.00	0.00	0.03	0.00	0.00	0.00	0.00	0.00	1.00	1.00
залеп	0	0	7	7	3	0.00	0.00	0.00	0.00	0.00	0.00	0.06	0.00	0.00	0.00	0.00	0.00	1.00	1.00
тютина	1	1	55	55	35	1.79	1.79	2.04	2.04	0.00	0.00	1.18	0.01	0.00	0.00	1.00	0.00	1.00	1.00
чубарик	0	0	3	3	3	0.00	0.00	0.00	0.00	0.00	0.00	0.02	0.00	0.00	0.00	0.00	0.00	1.00	1.00
схилять	2	2	26	26	36	7.14	7.14	7.14	7.14	0.01	0.00	0.07	0.07	0.08	0.00	0.92	0.00	1.00	1.00
муль	0	0	341	341	298	0.00	0.00	0.00	0.00	0.00	0.00	0.23	0.08	0.00	0.00	0.00	0.00	1.00	1.00
кутарки	1	1	3	3	1	25.00	25.00	50.00	50.00	0.00	0.00	0.00	0.00	1.02	0.00	0.00	0.00	0.00	1.00
Кырск	1	1	2	2	3	33.33	33.33	50.00	50.00	0.00	0.00	0.00	0.00	1.39	0.00	0.00	0.00	0.00	1.00
толобы	1	1	2	2	4	33.33	33.33	50.00	50.00	0.06	0.00	0.00	0.00	125.05	0.00	0.00	0.00	0.00	1.00
шаварма	0	0	32	32	23	0.00	0.00	0.00	0.00	0.00	0.00	0.08	0.00	0.00	0.00	0.00	0.00	1.00	1.00
вимба	0	0	3	3	4	0.00	0.00	0.00	0.00	0.00	0.00	0.13	0.00	0.00	0.00	0.00	0.00	1.00	1.00
газвода	5	5	4	4	13	55.56	55.56	71.43	71.43	0.01	0.00	0.01	0.00	0.56	0.00	0.58	0.00	0.50	1.00
скобарь	0	0	8	8	20	0.00	0.00	0.00	0.00	0.00	0.00	0.05	0.00	0.00	0.00	0.00	0.00	1.00	1.00
бадик	5	5	7	7	12	41.67	41.67	50.00	50.00	0.02	0.00	0.01	0.00	1.89	0.00	0.12	0.00	0.22	1.00
Кишин	0	0	2	2	6	0.00	0.00	0.00	0.00	0.00	0.00	0.03	0.00	0.00	0.00	0.00	0.00	1.00	1.00
шкорки	2	2	2	2	0	50.00	50.00	50.00	50.00	0.00	0.00	0.00	0.00	1.35	0.00	0.00	0.00	0.00	1.00
богадул	0	0	1	1	0	0.00	0.00	0.00	0.00	0.00	0.00	0.00	0.00	0.00	0.00	0.00	0.00	1.00	1.00
шкрек	2	2	0	0	2	100.00	100.00	100.00	100.00	0.00	0.00	0.00	0.00	inf	0.00	0.00	0.00	0.00	1.00
локер	0	0	33	33	37	0.00	0.00	0.00	0.00	0.00	0.00	0.06	0.00	0.00	0.00	0.00	0.00	1.00	1.00
кура	3	3	46	46	47	6.12	6.12	7.50	7.50	0.01	0.00	0.11	0.00	0.13	0.00	0.87	0.00	1.00	1.00
курумник	1	1	4	4	2	20.00	20.00	25.00	25.00	0.11	0.00	0.01	0.00	7.65	0.00	0.00	0.00	0.00	1.00
крутка	0	0	249	249	128	0.00	0.00	0.00	0.00	0.00	0.00	0.11	0.11	0.00	0.00	0.00	0.00	1.00	1.00
селючество	1	1	0	0	0	100.00	100.00	100.00	100.00	0.00	0.00	0.00	0.00	inf	0.00	0.00	0.00	0.00	1.00
полоротый	5	5	3	3	9	62.50	62.50	71.43	71.43	0.02	0.00	0.01	0.00	3.67	0.00	0.00	0.00	0.00	1.00
альтфатер	1	1	1	1	3	50.00	50.00	50.00	50.00	0.00	0.00	0.00	0.00	2.49	0.00	0.00	0.00	0.00	1.00
сущик	0	0	6	6	6	0.00	0.00	0.00	0.00	0.00	0.00	0.02	0.00	0.00	0.00	0.00	0.00	1.00	1.00
шахер	0	0	10	10	10	0.00	0.00	0.00	0.00	0.00	0.00	0.01	0.00	0.00	0.00	0.00	0.00	1.00	1.00
калега	0	0	5	5	5	0.00	0.00	0.00	0.00	0.00	0.00	0.01	0.00	0.00	0.00	0.00	0.00	1.00	1.00
блондить	0	0	1	1	1	0.00	0.00	0.00	0.00	0.00	0.00	0.00	0.00	0.00	0.00	0.00	0.00	1.00	1.00
местовое	1	1	0	0	0	100.00	100.00	100.00	100.00	0.00	0.00	0.00	0.00	inf	0.00	0.00	0.00	0.00	1.00
углярка	4	4	0	0	4	100.00	100.00	100.00	100.00	0.01	0.00	0.00	0.00	inf	0.00	0.00	0.00	0.00	1.00
шуфлядка	1	1	11	11	18	8.33	8.33	9.09	9.09	0.00	0.00	0.02	0.00	0.08	0.00	0.92	0.00	1.00	1.00
мантоварка	4	4	13	13	10	23.53	23.53	13.33	13.33	0.00	0.00	0.05	0.00	0.04	0.00	0.96	0.00	1.00	1.00
дерибаска	0	0	3	3	3	0.00	0.00	0.00	0.00	0.00	0.00	0.01	0.00	0.00	0.00	0.00	0.00	1.00	1.00
бегушка	2	2	2	2	2	50.00	50.00	66.67	66.67	0.01	0.00	0.00	0.00	6.38	0.00	0.00	0.00	0.00	1.00
микраш	0	0	6	6	8	0.00	0.00	0.00	0.00	0.00	0.00	0.01	0.00	0.00	0.00	0.00	0.00	1.00	1.00
чкаться	0	0	1	1	2	0.00	0.00	0.00	0.00	0.00	0.00	0.00	0.00	0.00	0.00	0.00	0.00	1.00	1.00
рогачка	0	0	1	1	1	0.00	0.00	0.00	0.00	0.00	0.00	0.00	0.00	0.00	0.00	0.00	0.00	1.00	1.00
толчёнка	5	5	12	12	13	29.41	29.41	33.33	33.33	0.01	0.00	0.03	0.00	0.39	0.00	0.62	0.00	0.89	1.00
блондать	0	0	2	2	3	0.00	0.00	0.00	0.00	0.00	0.00	0.00	0.00	0.00	0.00	0.00	0.00	1.00	1.00
хитник	1	1	0	0	1	100.00	100.00	100.00	100.00	0.00	0.00	0.00	0.00	inf	0.00	0.00	0.00	0.00	1.00
чойс	0	0	26	26	25	0.00	0.00	0.00	0.00	0.00	0.00	0.04	0.00	0.00	0.00	0.00	0.00	1.00	1.00
харып	0	0	2	2	1	0.00	0.00	0.00	0.00	0.00	0.00	0.02	0.00	0.00	0.00	0.00	0.00	1.00	1.00
кучмовоз	1	1	0	0	0	100.00	100.00	100.00	100.00	0.00	0.00	0.00	0.00	inf	0.00	0.00	0.00	0.00	1.00
кастрюлить	2	2	0	0	1	100.00	100.00	100.00	100.00	0.01	0.00	0.00	0.00	inf	0.00	0.00	0.00	0.00	1.00
домашники	0	0	12	12	21	0.00	0.00	0.00	0.00	0.00	0.00	0.04	0.00	0.00	0.00	0.00	0.00	1.00	1.00
каралька	2	2	5	5	5	28.57	28.57	33.33	33.33	0.01	0.00	0.01	0.00	0.67	0.00	0.33	0.00	1.00	1.00
груздянка	0	0	3	3	5	0.00	0.00	0.00	0.00	0.00	0.00	0.00	0.00	0.00	0.00	0.00	0.00	1.00	1.00
ловитки	1	1	0	0	3	100.00	100.00	100.00	100.00	0.03	0.00	0.00	0.00	inf	0.00	0.00	0.00	0.00	1.00
ламбина	0	0	1	1	7	0.00	0.00	0.00	0.00	0.00	0.00	0.04	0.00	0.00	0.00	0.00	0.00	1.00	1.00
биндёга	0	0	1	1	0	0.00	0.00	0.00	0.00	0.00	0.00	0.01	0.00	0.00	0.00	0.00	0.00	1.00	1.00
бендёга	0	0	4	4	0	0.00	0.00	0.00	0.00	0.00	0.00	0.04	0.00	0.00	0.00	0.00	0.00	1.00	1.00
молодожёнка	1	1	0	0	2	100.00	100.00	100.00	100.00	0.02	0.00	0.00	0.00	inf	0.00	0.00	0.00	0.00	1.00
чебурята	2	2	1	1	2	66.67	66.67	66.67	66.67	0.03	0.00	0.00	0.00	8.58	0.00	0.00	0.00	0.00	1.00
чирус	1	1	0	0	0	100.00	100.00	100.00	100.00	0.00	0.00	0.00	0.00	inf	0.00	0.00	0.00	0.00	1.00
граз	0	0	28	28	35	0.00	0.00	0.00	0.00	0.00	0.00	0.07	0.00	0.00	0.00	0.00	0.00	1.00	1.00
шибаться	0	0	3	3	0	0.00	0.00	0.00	0.00	0.00	0.00	0.00	0.00	0.00	0.00	0.00	0.00	1.00	1.00
ранешний	4	4	12	12	5	25.00	25.00	30.77	30.77	0.00	0.00	0.03	0.00	0.08	0.00	0.92	0.00	1.00	1.00
бадлон	0	0	17	17	57	0.00	0.00	0.00	0.00	0.00	0.00	0.03	0.00	0.00	0.00	0.00	0.00	1.00	1.00
надурняк	1	1	0	0	0	100.00	100.00	100.00	100.00	0.00	0.00	0.00	0.00	inf	0.00	0.00	0.00	0.00	1.00
одоробла	1	1	0	0	0	100.00	100.00	100.00	100.00	0.00	0.00	0.00	0.00	inf	0.00	0.00	0.00	0.00	1.00
чебовский	1	1	1	1	1	50.00	50.00	50.00	50.00	0.01	0.00	0.03	0.00	0.46	0.00	0.54	0.00	1.00	1.00
Слепцовск	1	1	2	2	0	33.33	33.33	33.33	33.33	0.21	0.00	0.04	0.00	5.10	0.00	0.00	0.00	0.00	1.00
хобза	0	0	8	8	8	0.00	0.00	0.00	0.00	0.00	0.00	0.12	0.02	0.00	0.00	0.00	0.00	1.00	1.00
богодул	3	3	1	1	0	75.00	75.00	100.00	100.00	0.04	0.00	0.00	0.00	164.91	0.00	0.00	0.00	0.00	1.00
сморода	1	1	36	36	29	2.70	2.70	2.78	2.78	0.02	0.00	0.05	0.00	0.42	0.00	0.58	0.00	1.00	1.00
ремок	2	2	13	13	13	13.33	13.33	16.67	16.67	0.00	0.00	0.04	0.00	0.08	0.00	0.92	0.00	1.00	1.00
пиджачка	0	0	63	63	26	0.00	0.00	0.00	0.00	0.00	0.00	0.03	0.02	0.00	0.00	0.00	0.00	1.00	1.00
красовский	3	3	101	101	80	2.88	2.88	4.00	4.00	0.00	0.00	0.11	0.02	0.01	0.00	0.99	0.00	1.00	1.00
сейгод	2	2	3	3	0	40.00	40.00	40.00	40.00	0.02	0.00	0.01	0.00	1.37	0.00	0.00	0.00	0.00	1.00
одяжка	0	0	3	3	0	0.00	0.00	0.00	0.00	0.00	0.00	0.00	0.00	0.00	0.00	0.00	0.00	1.00	1.00
кугутня	1	1	2	2	1	33.33	33.33	33.33	33.33	0.00	0.00	0.01	0.00	0.02	0.00	0.98	0.00	1.00	1.00
порато	0	0	3	3	3	0.00	0.00	0.00	0.00	0.00	0.00	0.01	0.00	0.00	0.00	0.00	0.00	1.00	1.00
полублагоустроенный	4	4	1	1	5	80.00	80.00	80.00	80.00	0.01	0.00	0.00	0.00	4.40	0.00	0.08	0.00	0.12	1.00
свороток	5	5	9	9	7	35.71	35.71	50.00	50.00	0.07	0.00	0.01	0.00	8.24	0.00	0.03	0.00	0.25	1.00
латка	0	0	247	247	161	0.00	0.00	0.00	0.00	0.00	0.00	0.65	0.04	0.00	0.00	0.00	0.00	1.00	1.00
шурушки	2	2	2	2	4	50.00	50.00	66.67	66.67	0.01	0.00	0.00	0.00	5.09	0.00	0.00	0.00	0.00	1.00
неудобица	1	1	0	0	1	100.00	100.00	100.00	100.00	0.00	0.00	0.00	0.00	inf	0.00	0.00	0.00	0.00	1.00
багул	2	2	3	3	3	40.00	40.00	50.00	50.00	0.02	0.00	0.01	0.00	1.35	0.00	0.23	0.00	0.25	1.00
жлыга	0	0	5	5	8	0.00	0.00	0.00	0.00	0.00	0.00	0.00	0.00	0.00	0.00	0.00	0.00	1.00	1.00
забутовка	0	0	3	3	3	0.00	0.00	0.00	0.00	0.00	0.00	0.01	0.00	0.00	0.00	0.00	0.00	1.00	1.00
ранешный	1	1	1	1	0	50.00	50.00	50.00	50.00	0.00	0.00	0.01	0.00	0.09	0.00	0.91	0.00	1.00	1.00
люксованный	0	0	3	3	1	0.00	0.00	0.00	0.00	0.00	0.00	0.00	0.00	0.00	0.00	0.00	0.00	1.00	1.00
садоогород	3	3	1	1	1	75.00	75.00	75.00	75.00	0.03	0.00	0.00	0.00	10.83	0.00	0.00	0.00	0.00	1.00
царан	1	1	6	6	3	14.29	14.29	14.29	14.29	0.03	0.00	0.01	0.00	2.47	0.00	0.00	0.00	0.00	1.00
догоняшки	6	6	6	6	11	50.00	50.00	60.00	60.00	0.01	0.00	0.05	0.00	0.20	0.00	0.81	0.00	0.89	1.00
растягай	0	0	2	2	2	0.00	0.00	0.00	0.00	0.00	0.00	0.03	0.00	0.00	0.00	0.00	0.00	1.00	1.00
грядушка	4	4	7	7	3	36.36	36.36	57.14	57.14	0.03	0.00	0.01	0.00	2.64	0.00	0.00	0.00	0.00	1.00
каракат	2	2	7	7	13	22.22	22.22	22.22	22.22	0.02	0.00	0.01	0.01	1.55	0.00	0.00	0.00	0.00	1.00
ульяновка	3	3	127	127	130	2.31	2.31	2.63	2.63	0.03	0.00	0.05	0.02	0.58	0.00	0.42	0.00	1.00	1.00
курмыш	1	1	6	6	7	14.29	14.29	16.67	16.67	0.00	0.00	0.03	0.00	0.09	0.00	0.91	0.00	1.00	1.00
уёк	0	0	8	8	2	0.00	0.00	0.00	0.00	0.00	0.00	0.01	0.00	0.00	0.00	0.00	0.00	1.00	1.00
шаять	7	7	13	13	20	35.00	35.00	36.84	36.84	0.01	0.00	0.01	0.00	0.61	0.00	0.51	0.00	0.60	1.00
растренькать	0	0	2	2	1	0.00	0.00	0.00	0.00	0.00	0.00	0.02	0.00	0.00	0.00	0.00	0.00	1.00	1.00
ерик	1	1	10	10	10	9.09	9.09	10.00	10.00	0.00	0.00	0.03	0.00	0.15	0.00	0.85	0.00	1.00	1.00
бодыч	1	1	0	0	1	100.00	100.00	100.00	100.00	0.00	0.00	0.00	0.00	inf	0.00	0.00	0.00	0.00	1.00
хохоряшки	2	2	1	1	4	66.67	66.67	100.00	100.00	0.01	0.00	0.00	0.00	32.52	0.00	0.00	0.00	0.00	1.00
жамка	6	6	318	318	334	1.85	1.85	2.08	2.08	0.03	0.00	0.50	0.05	0.06	0.00	0.94	0.00	1.00	1.00
шурупать	4	4	0	0	1	100.00	100.00	100.00	100.00	0.00	0.00	0.00	0.00	inf	0.00	0.00	0.00	0.00	1.00
темнушка	5	5	4	4	3	55.56	55.56	62.50	62.50	0.01	0.00	0.01	0.00	0.97	0.00	0.17	0.00	0.50	1.00
люксовка	0	0	1	1	0	0.00	0.00	0.00	0.00	0.00	0.00	0.00	0.00	0.00	0.00	0.00	0.00	1.00	1.00
Крас	1	1	40	40	26	2.44	2.44	3.03	3.03	0.00	0.00	0.04	0.00	0.11	0.00	0.89	0.00	1.00	1.00
строгалка	2	2	0	0	1	100.00	100.00	100.00	100.00	0.01	0.00	0.00	0.00	inf	0.00	0.00	0.00	0.00	1.00
лапшак	1	1	0	0	1	100.00	100.00	100.00	100.00	0.01	0.00	0.00	0.00	inf	0.00	0.00	0.00	0.00	1.00
копаль	1	1	2	2	2	33.33	33.33	33.33	33.33	0.01	0.00	0.01	0.00	1.29	0.00	0.00	0.00	0.00	1.00
вязочка	5	5	11	11	6	31.25	31.25	35.71	35.71	0.01	0.00	0.03	0.00	0.45	0.00	0.60	0.00	0.81	1.00
Златка	0	0	1	1	0	0.00	0.00	0.00	0.00	0.00	0.00	0.00	0.00	0.00	0.00	0.00	0.00	1.00	1.00
хапчик	0	0	15	15	17	0.00	0.00	0.00	0.00	0.00	0.00	0.03	0.00	0.00	0.00	0.00	0.00	1.00	1.00
притёс	1	1	1	1	1	50.00	50.00	50.00	50.00	0.00	0.00	0.01	0.00	0.25	0.00	0.75	0.00	1.00	1.00
водогрей	0	0	8	8	25	0.00	0.00	0.00	0.00	0.00	0.00	0.01	0.00	0.00	0.00	0.00	0.00	1.00	1.00
фортан	0	0	1	1	1	0.00	0.00	0.00	0.00	0.00	0.00	0.01	0.00	0.00	0.00	0.00	0.00	1.00	1.00
городушки	0	0	2	2	0	0.00	0.00	0.00	0.00	0.00	0.00	0.00	0.00	0.00	0.00	0.00	0.00	1.00	1.00
бутерик	1	1	0	0	1	100.00	100.00	100.00	100.00	0.00	0.00	0.00	0.00	inf	0.00	0.00	0.00	0.00	1.00
гопа	4	4	104	104	71	3.70	3.70	4.26	4.26	0.04	0.00	0.42	0.02	0.10	0.00	0.90	0.00	1.00	1.00
кушери	2	2	16	16	6	11.11	11.11	13.33	13.33	0.01	0.00	0.04	0.04	0.18	0.00	0.82	0.00	1.00	1.00
кублиться	1	1	0	0	0	100.00	100.00	100.00	100.00	0.00	0.00	0.00	0.00	inf	0.00	0.00	0.00	0.00	1.00
харыпка	1	1	1	1	0	50.00	50.00	50.00	50.00	0.11	0.00	0.02	0.00	6.88	0.00	0.00	0.00	0.00	1.00
спадывать	3	3	8	8	7	27.27	27.27	30.00	30.00	0.00	0.00	0.01	0.00	0.47	0.00	0.53	0.00	1.00	1.00
оптарь	1	1	0	0	0	100.00	100.00	100.00	100.00	0.01	0.00	0.00	0.00	inf	0.00	0.00	0.00	0.00	1.00
горбовик	1	1	0	0	0	100.00	100.00	100.00	100.00	0.01	0.00	0.00	0.00	inf	0.00	0.00	0.00	0.00	1.00
мультифора	0	0	1	1	1	0.00	0.00	0.00	0.00	0.00	0.00	0.00	0.00	0.00	0.00	0.00	0.00	1.00	1.00
скобариха	0	0	1	1	3	0.00	0.00	0.00	0.00	0.00	0.00	0.00	0.00	0.00	0.00	0.00	0.00	1.00	1.00
кукса	2	2	94	94	52	2.08	2.08	2.53	2.53	0.11	0.00	0.22	0.02	0.48	0.00	0.52	0.00	1.00	1.00
сижка	1	1	14	14	8	6.67	6.67	11.11	11.11	0.00	0.00	0.02	0.00	0.13	0.00	0.87	0.00	1.00	1.00
кукси	1	1	37	37	38	2.63	2.63	2.78	2.78	0.08	0.00	0.07	0.07	1.11	0.00	0.00	0.00	0.00	1.00
растыка	5	5	2	2	4	71.43	71.43	71.43	71.43	0.02	0.00	0.01	0.00	2.57	0.00	0.07	0.00	0.11	1.00
видовка	1	1	0	0	0	100.00	100.00	100.00	100.00	0.00	0.00	0.00	0.00	inf	0.00	0.00	0.00	0.00	1.00
ладки	2	2	27	27	19	6.90	6.90	8.00	8.00	0.01	0.00	0.04	0.00	0.17	0.00	0.83	0.00	1.00	1.00
автолайн	1	1	18	18	23	5.26	5.26	6.67	6.67	0.00	0.00	0.10	0.10	0.00	0.00	1.00	0.00	1.00	1.00
одикнуть	0	0	2	2	1	0.00	0.00	0.00	0.00	0.00	0.00	0.02	0.00	0.00	0.00	0.00	0.00	1.00	1.00
шарушки	1	1	3	3	1	25.00	25.00	50.00	50.00	0.00	0.00	0.00	0.00	1.05	0.00	0.00	0.00	0.00	1.00
Ижик	3	3	3	3	3	50.00	50.00	50.00	50.00	0.03	0.00	0.01	0.00	2.82	0.00	0.00	0.00	0.00	1.00
садинка	0	0	1	1	0	0.00	0.00	0.00	0.00	0.00	0.00	0.02	0.00	0.00	0.00	0.00	0.00	1.00	1.00
Симфик	0	0	1	1	1	0.00	0.00	0.00	0.00	0.00	0.00	0.00	0.00	0.00	0.00	0.00	0.00	1.00	1.00
голить	4	4	77	77	30	4.94	4.94	5.06	5.06	0.01	0.00	0.05	0.06	0.29	0.00	0.71	0.00	1.00	1.00
апушка	0	0	2	2	0	0.00	0.00	0.00	0.00	0.00	0.00	0.00	0.00	0.00	0.00	0.00	0.00	1.00	1.00
боровок	0	0	19	19	11	0.00	0.00	0.00	0.00	0.00	0.00	0.02	0.01	0.00	0.00	0.00	0.00	1.00	1.00
бодан	0	0	3	3	0	0.00	0.00	0.00	0.00	0.00	0.00	0.04	0.00	0.00	0.00	0.00	0.00	1.00	1.00
полублаг	3	3	0	0	7	100.00	100.00	100.00	100.00	0.16	0.00	0.00	0.00	inf	0.00	0.00	0.00	0.00	1.00
грачевать	1	1	2	2	0	33.33	33.33	33.33	33.33	0.00	0.00	0.00	0.00	0.35	0.00	0.65	0.00	1.00	1.00
белоголовник	1	1	1	1	4	50.00	50.00	50.00	50.00	0.01	0.00	0.00	0.00	9.37	0.00	0.00	0.00	0.00	1.00
явочка	0	0	2	2	0	0.00	0.00	0.00	0.00	0.00	0.00	0.04	0.00	0.00	0.00	0.00	0.00	1.00	1.00
турлы	1	1	6	6	7	14.29	14.29	14.29	14.29	0.02	0.00	0.01	0.01	2.46	0.00	0.00	0.00	0.00	1.00
дикошарый	6	6	1	1	1	85.71	85.71	85.71	85.71	0.01	0.00	0.00	0.00	2.68	0.00	0.22	0.00	0.20	1.00
сырть	0	0	1	1	2	0.00	0.00	0.00	0.00	0.00	0.00	0.02	0.00	0.00	0.00	0.00	0.00	1.00	1.00
козный	4	4	7	7	4	36.36	36.36	57.14	57.14	0.02	0.00	0.09	0.00	0.22	0.00	0.78	0.00	1.00	1.00
максать	0	0	2	2	1	0.00	0.00	0.00	0.00	0.00	0.00	0.00	0.00	0.00	0.00	0.00	0.00	1.00	1.00
калать	0	0	180	180	157	0.00	0.00	0.00	0.00	0.00	0.00	0.21	0.21	0.00	0.00	0.00	0.00	1.00	1.00
берик	1	1	50	50	43	1.96	1.96	2.08	2.08	0.00	0.00	0.09	0.05	0.04	0.00	0.96	0.00	1.00	1.00
бормаш	0	0	2	2	1	0.00	0.00	0.00	0.00	0.00	0.00	0.01	0.00	0.00	0.00	0.00	0.00	1.00	1.00
тяма	1	1	0	0	1	100.00	100.00	100.00	100.00	0.00	0.00	0.00	0.00	inf	0.00	0.00	0.00	0.00	1.00
аргиш	0	0	3	3	2	0.00	0.00	0.00	0.00	0.00	0.00	0.01	0.00	0.00	0.00	0.00	0.00	1.00	1.00
лобань	1	1	3	3	4	25.00	25.00	25.00	25.00	0.00	0.00	0.01	0.00	0.43	0.00	0.57	0.00	1.00	1.00
оренский	1	1	1	1	1	50.00	50.00	100.00	100.00	0.01	0.00	0.00	0.00	15.71	0.00	0.00	0.00	0.00	1.00
копач	1	1	68	68	51	1.45	1.45	1.72	1.72	0.00	0.00	0.05	0.01	0.06	0.00	0.94	0.00	1.00	1.00
бодлон	0	0	5	5	9	0.00	0.00	0.00	0.00	0.00	0.00	0.01	0.00	0.00	0.00	0.00	0.00	1.00	1.00
расколотка	0	0	3	3	0	0.00	0.00	0.00	0.00	0.00	0.00	0.00	0.00	0.00	0.00	0.00	0.00	1.00	1.00
отпадывать	4	4	6	6	3	40.00	40.00	44.44	44.44	0.01	0.00	0.04	0.00	0.17	0.00	0.83	0.00	1.00	1.00
подглазины	2	2	1	1	4	66.67	66.67	66.67	66.67	0.01	0.00	0.01	0.00	2.26	0.00	0.10	0.00	0.25	1.00
буузная	1	1	1	1	0	50.00	50.00	50.00	50.00	0.02	0.00	0.01	0.00	2.26	0.00	0.00	0.00	0.00	1.00
бэрик	0	0	1	1	4	0.00	0.00	0.00	0.00	0.00	0.00	0.00	0.00	0.00	0.00	0.00	0.00	1.00	1.00
вихотка	8	8	5	5	7	61.54	61.54	80.00	80.00	0.01	0.00	0.00	0.00	7.14	0.00	0.02	0.00	0.06	1.00
молзавод	1	1	4	4	5	20.00	20.00	25.00	25.00	0.02	0.00	0.12	0.00	0.15	0.00	0.85	0.00	1.00	1.00
перетяг	0	0	6	6	3	0.00	0.00	0.00	0.00	0.00	0.00	0.02	0.00	0.00	0.00	0.00	0.00	1.00	1.00
красноголовик	4	4	4	4	4	50.00	50.00	66.67	66.67	0.01	0.00	0.00	0.00	5.02	0.00	0.00	0.00	0.00	1.00
перекид	1	1	20	20	11	4.76	4.76	5.26	5.26	0.00	0.00	0.07	0.00	0.02	0.00	0.98	0.00	1.00	1.00
однёрка	2	2	26	26	23	7.14	7.14	7.69	7.69	0.00	0.00	0.04	0.00	0.06	0.00	0.94	0.00	1.00	1.00
сгондобить	0	0	3	3	4	0.00	0.00	0.00	0.00	0.00	0.00	0.01	0.00	0.00	0.00	0.00	0.00	1.00	1.00
курмыши	0	0	3	3	1	0.00	0.00	0.00	0.00	0.00	0.00	0.00	0.00	0.00	0.00	0.00	0.00	1.00	1.00
тырсить	0	0	9	9	1	0.00	0.00	0.00	0.00	0.00	0.00	0.03	0.00	0.00	0.00	0.00	0.00	1.00	1.00
заколенники	0	0	2	2	0	0.00	0.00	0.00	0.00	0.00	0.00	0.01	0.00	0.00	0.00	0.00	0.00	1.00	1.00
трущобник	0	0	2	2	5	0.00	0.00	0.00	0.00	0.00	0.00	0.00	0.00	0.00	0.00	0.00	0.00	1.00	1.00
бичарня	0	0	2	2	0	0.00	0.00	0.00	0.00	0.00	0.00	0.01	0.00	0.00	0.00	0.00	0.00	1.00	1.00
шкара	0	0	21	21	23	0.00	0.00	0.00	0.00	0.00	0.00	0.03	0.00	0.00	0.00	0.00	0.00	1.00	1.00
Черник	0	0	1	1	1	0.00	0.00	0.00	0.00	0.00	0.00	0.00	0.00	0.00	0.00	0.00	0.00	1.00	1.00
похожать	0	0	11	11	2	0.00	0.00	0.00	0.00	0.00	0.00	0.01	0.00	0.00	0.00	0.00	0.00	1.00	1.00
сворот	3	3	5	5	3	37.50	37.50	37.50	37.50	0.01	0.00	0.01	0.00	2.08	0.00	0.00	0.00	0.00	1.00
ераз	0	0	12	12	8	0.00	0.00	0.00	0.00	0.00	0.00	0.03	0.00	0.00	0.00	0.00	0.00	1.00	1.00
дрягаться	1	1	3	3	1	25.00	25.00	50.00	50.00	0.01	0.00	0.02	0.00	0.52	0.00	0.48	0.00	1.00	1.00
метельщица	0	0	1	1	0	0.00	0.00	0.00	0.00	0.00	0.00	0.00	0.00	0.00	0.00	0.00	0.00	1.00	1.00
долбан	0	0	136	136	114	0.00	0.00	0.00	0.00	0.00	0.00	0.11	0.03	0.00	0.00	0.00	0.00	1.00	1.00
лямой	0	0	15	15	6	0.00	0.00	0.00	0.00	0.00	0.00	0.11	0.00	0.00	0.00	0.00	0.00	1.00	1.00
заодним	5	5	3	3	12	62.50	62.50	62.50	62.50	0.01	0.00	0.00	0.00	2.62	0.00	0.09	0.00	0.33	1.00
Барнауполь	1	1	0	0	0	100.00	100.00	100.00	100.00	0.00	0.00	0.00	0.00	inf	0.00	0.00	0.00	0.00	1.00
скиба	1	1	0	0	0	100.00	100.00	100.00	100.00	0.00	0.00	0.00	0.00	inf	0.00	0.00	0.00	0.00	1.00
сахалярка	1	1	1	1	0	50.00	50.00	50.00	50.00	0.01	0.00	0.00	0.00	3.36	0.00	0.00	0.00	0.00	1.00
блондиться	1	1	2	2	4	33.33	33.33	33.33	33.33	0.01	0.00	0.01	0.00	1.09	0.00	0.00	0.00	0.00	1.00
мастерка	3	3	0	0	3	100.00	100.00	100.00	100.00	0.01	0.00	0.00	0.00	inf	0.00	0.00	0.00	0.00	1.00
ленпроект	2	2	4	4	6	33.33	33.33	33.33	33.33	0.01	0.00	0.04	0.00	0.35	0.00	0.65	0.00	1.00	1.00
автомиг	0	0	7	7	1	0.00	0.00	0.00	0.00	0.00	0.00	0.01	0.00	0.00	0.00	0.00	0.00	1.00	1.00
Севик	0	0	1	1	4	0.00	0.00	0.00	0.00	0.00	0.00	0.01	0.00	0.00	0.00	0.00	0.00	1.00	1.00
вехотка	6	6	7	7	8	46.15	46.15	60.00	60.00	0.01	0.00	0.01	0.00	1.17	0.00	0.27	0.00	0.44	1.00
домушка	2	2	5	5	7	28.57	28.57	0.00	0.00	0.00	0.00	0.01	0.00	0.12	0.00	0.88	0.00	1.00	1.00
улановский	1	1	14	14	9	6.67	6.67	7.14	7.14	0.02	0.00	0.05	0.00	0.36	0.00	0.64	0.00	1.00	1.00
полоротство	1	1	0	0	1	100.00	100.00	100.00	100.00	0.01	0.00	0.00	0.00	inf	0.00	0.00	0.00	0.00	1.00
мультифор	0	0	26	26	8	0.00	0.00	0.00	0.00	0.00	0.00	0.05	0.01	0.00	0.00	0.00	0.00	1.00	1.00
помогайка	0	0	7	7	9	0.00	0.00	0.00	0.00	0.00	0.00	0.05	0.00	0.00	0.00	0.00	0.00	1.00	1.00
пиндитный	1	1	1	1	3	50.00	50.00	100.00	100.00	0.00	0.00	0.00	0.00	6.75	0.00	0.00	0.00	0.00	1.00
жердель	3	3	2	2	3	60.00	60.00	60.00	60.00	0.00	0.00	0.00	0.00	0.44	0.00	0.56	0.00	1.00	1.00
газява	11	11	3	3	4	78.57	78.57	78.57	78.57	0.01	0.00	0.01	0.00	1.42	0.00	0.13	0.00	0.31	1.00
капшук	0	0	12	12	4	0.00	0.00	0.00	0.00	0.00	0.00	0.03	0.00	0.00	0.00	0.00	0.00	1.00	1.00
ссобойка	0	0	5	5	9	0.00	0.00	0.00	0.00	0.00	0.00	0.01	0.00	0.00	0.00	0.00	0.00	1.00	1.00
грибовница	4	4	5	5	10	44.44	44.44	66.67	66.67	0.02	0.00	0.00	0.00	4.72	0.00	0.00	0.00	0.00	1.00
паровать	4	4	2	2	5	66.67	66.67	80.00	80.00	0.00	0.00	0.00	0.00	0.13	0.00	0.87	0.00	1.00	1.00
чепыжи	1	1	7	7	7	12.50	12.50	14.29	14.29	0.01	0.00	0.02	0.00	0.54	0.00	0.46	0.00	1.00	1.00
Юганск	2	2	19	19	10	9.52	9.52	10.53	10.53	0.01	0.00	0.11	0.11	0.13	0.00	0.87	0.00	1.00	1.00
Черних	1	1	8	8	2	11.11	11.11	14.29	14.29	0.01	0.00	0.01	0.00	1.59	0.00	0.00	0.00	0.00	1.00
гомонок	1	1	3	3	0	25.00	25.00	33.33	33.33	0.00	0.00	0.01	0.00	0.43	0.00	0.57	0.00	1.00	1.00
квач	2	2	0	0	2	100.00	100.00	100.00	100.00	0.00	0.00	0.00	0.00	inf	0.00	0.00	0.00	0.00	1.00
хабот	0	0	3	3	0	0.00	0.00	0.00	0.00	0.00	0.00	0.02	0.00	0.00	0.00	0.00	0.00	1.00	1.00
