Лемма	positive		negative		not positive	pos fraction		pos fraction without Moscow		mean pos percentage		mean neg percentage		pos neg ratio		percentage defect		rank defect	
мамбетизм	10	10	1	1	17	90.91	90.91	90.91	90.91	0.01	0.01	0.00	0.00	100.40	inf	0.00	0.00	0.00	0.00
култук	25	25	6	6	18	80.65	80.65	80.65	80.65	0.20	0.20	0.02	0.00	12.37	inf	0.00	0.00	0.00	0.00
горсад	71	71	10	10	40	87.65	87.65	89.87	89.87	0.06	0.12	0.01	0.00	9.69	inf	0.07	0.00	0.07	0.00
Симф	49	49	24	24	48	67.12	67.12	73.13	73.13	0.21	0.21	0.03	0.02	6.51	10.20	0.00	0.00	0.00	0.00
Севаст	25	25	22	22	27	53.19	53.19	55.56	55.56	0.11	0.11	0.02	0.02	6.32	6.32	0.00	0.00	0.00	0.00
рясно	152	152	4	4	66	97.44	97.44	98.70	98.70	0.02	0.02	0.00	0.00	5.88	inf	0.00	0.00	0.00	0.00
буузы	12	12	12	12	37	50.00	50.00	60.00	60.00	0.13	0.20	0.02	0.00	5.70	inf	0.00	0.00	0.00	0.00
Орен	61	61	79	79	84	43.57	43.57	48.03	48.03	0.49	0.49	0.09	0.09	5.30	5.30	0.00	0.00	0.00	0.00
Чебы	20	20	30	30	23	40.00	40.00	60.61	60.61	0.27	0.27	0.06	0.01	4.60	30.89	0.00	0.00	0.00	0.00
тремпель	49	49	18	18	52	73.13	73.13	76.56	76.56	0.06	0.16	0.02	0.01	3.96	13.96	0.09	0.00	0.44	0.00
мамбет	110	110	24	24	103	82.09	82.09	83.33	83.33	0.16	0.16	0.04	0.00	3.94	451.17	0.00	0.00	0.00	0.00
Семск	47	47	4	4	37	92.16	92.16	92.16	92.16	0.06	0.06	0.02	0.00	3.54	inf	0.00	0.00	0.00	0.00
Кёниг	40	40	158	158	155	20.20	20.20	24.54	24.54	0.45	0.45	0.14	0.03	3.10	14.92	0.00	0.00	0.00	0.00
аршан	21	21	33	33	40	38.89	38.89	42.00	42.00	0.29	0.33	0.08	0.14	3.60	2.39	0.00	0.00	0.00	0.00
шаверма	23	23	245	245	368	8.58	8.58	11.00	11.00	0.25	0.29	0.11	0.06	2.17	4.70	0.10	0.08	0.31	0.22
сарайка	36	36	20	20	64	64.29	64.29	72.00	72.00	0.04	0.05	0.02	0.00	2.16	46.22	0.23	0.00	0.21	0.00
мивина	539	539	37	37	300	93.58	93.58	94.73	94.73	0.07	0.07	0.03	0.00	2.03	18.50	0.00	0.00	0.00	0.00
повешать	68	68	61	61	79	52.71	52.71	55.74	55.74	0.04	0.04	0.02	0.00	1.74	19.82	0.19	0.00	0.24	0.00
рясный	58	58	5	5	24	92.06	92.06	93.55	93.55	0.03	0.01	0.02	0.00	1.71	inf	0.23	0.00	0.67	0.00
парма	34	34	206	206	155	14.17	14.17	15.96	15.96	0.13	0.13	0.08	0.05	1.68	2.41	0.02	0.00	0.25	0.00
КГТ	21	21	14	14	37	60.00	60.00	63.64	63.64	0.09	0.14	0.06	0.00	1.51	inf	0.17	0.00	0.50	0.00
Новосиб	229	229	194	194	216	54.14	54.14	63.61	63.61	0.23	0.23	0.15	0.10	1.48	2.26	0.19	0.14	0.39	0.22
повешаться	37	37	32	32	75	53.62	53.62	59.68	59.68	0.02	0.02	0.02	0.00	1.41	12.40	0.25	0.00	0.34	0.00
Симфер	88	88	9	9	25	90.72	90.72	96.70	96.70	0.01	0.01	0.01	0.00	1.31	3.52	0.00	0.00	0.00	0.00
копняк	9	9	56	56	44	13.85	13.85	13.85	13.85	0.03	0.06	0.03	0.03	1.26	1.71	0.11	0.00	0.44	0.00
баклажка	69	69	26	26	66	72.63	72.63	69.41	69.41	0.03	0.03	0.02	0.00	1.22	inf	0.28	0.00	0.49	0.00
пасочка	761	761	111	111	297	87.27	87.27	90.17	90.17	0.08	0.09	0.06	0.03	1.21	3.54	0.17	0.00	0.38	0.00
Ебург	51	51	55	55	40	48.11	48.11	57.95	57.95	0.04	0.05	0.04	0.01	1.15	8.93	0.27	0.00	0.38	0.00
малосемейка	114	114	112	112	94	50.44	50.44	52.29	52.29	0.04	0.06	0.03	0.05	1.41	1.08	0.34	0.37	0.33	0.45
толока	83	83	9	9	29	90.22	90.22	95.40	95.40	0.01	0.01	0.01	0.00	1.07	3.89	0.29	0.00	0.50	0.00
подклад	302	302	318	318	304	48.71	48.71	53.08	53.08	0.08	0.09	0.08	0.05	1.07	1.70	0.28	0.12	0.48	0.22
мамбетский	30	30	1	1	26	96.77	96.77	96.77	96.77	0.02	0.04	0.03	0.00	0.89	inf	0.46	0.00	0.50	0.00
ботсад	173	173	85	85	117	67.05	67.05	62.22	62.22	0.04	0.07	0.05	0.06	0.88	1.19	0.43	0.34	0.73	0.56
Зелик	10	10	45	45	29	18.18	18.18	29.41	29.41	0.05	0.09	0.06	0.01	0.82	8.44	0.42	0.00	0.50	0.00
потеряшка	110	110	361	361	313	23.35	23.35	26.76	26.76	0.07	0.07	0.08	0.09	0.87	0.81	0.33	0.36	0.61	0.67
сталинка	126	126	76	76	156	62.38	62.38	75.45	75.45	0.02	0.02	0.03	0.01	0.73	1.56	0.47	0.18	0.41	0.28
сродный	28	28	194	194	181	12.61	12.61	13.93	13.93	0.04	0.03	0.06	0.04	0.72	0.83	0.39	0.32	0.72	0.67
Новоросс	33	33	112	112	62	22.76	22.76	27.50	27.50	0.06	0.11	0.08	0.06	0.72	1.96	0.45	0.00	0.75	0.00
пайта	29	29	34	34	46	46.03	46.03	46.77	46.77	0.05	0.05	0.07	0.01	0.71	6.05	0.39	0.00	0.50	0.00
Челяба	92	92	89	89	131	50.83	50.83	58.23	58.23	0.10	0.14	0.14	0.02	0.70	8.54	0.50	0.00	0.67	0.00
политсила	124	124	30	30	45	80.52	80.52	88.57	88.57	0.02	0.02	0.02	0.01	0.65	2.13	0.35	0.00	1.00	0.00
реготать	49	49	4	4	23	92.45	92.45	96.08	96.08	0.00	0.01	0.01	0.00	0.64	inf	0.36	0.00	1.00	0.00
сотовый	635	635	5511	5511	5026	10.33	10.33	11.85	11.85	0.51	0.51	0.83	0.73	0.61	0.70	0.43	0.36	0.81	0.75
яйла	18	18	24	24	34	42.86	42.86	51.43	51.43	0.08	0.08	0.13	0.01	0.59	10.91	0.41	0.00	1.00	0.00
улка	24	24	78	78	53	23.53	23.53	26.09	26.09	0.03	0.02	0.05	0.04	0.60	0.53	0.48	0.47	0.83	1.00
гирло	66	66	8	8	35	89.19	89.19	94.29	94.29	0.01	0.01	0.01	0.00	0.51	inf	0.56	0.00	0.44	0.00
Кривбасс	100	100	8	8	34	92.59	92.59	93.46	93.46	0.01	0.01	0.03	0.00	0.48	inf	0.52	0.00	1.00	0.00
шихан	24	24	55	55	59	30.38	30.38	35.29	35.29	0.03	0.03	0.07	0.00	0.47	7.00	0.53	0.00	1.00	0.00
греча	43	43	1966	1966	1903	2.14	2.14	2.55	2.55	0.21	0.23	0.46	0.35	0.46	0.67	0.54	0.39	0.96	0.69
селюк	410	410	46	46	205	89.91	89.91	92.34	92.34	0.05	0.05	0.12	0.01	0.40	8.21	0.60	0.00	1.00	0.00
поварёшка	52	52	199	199	259	20.72	20.72	23.96	23.96	0.03	0.03	0.07	0.05	0.38	0.52	0.63	0.48	0.93	1.00
наливайка	71	71	25	25	44	73.96	73.96	76.34	76.34	0.02	0.01	0.05	0.00	0.37	19.62	0.65	0.00	0.67	0.00
занос	198	198	1112	1112	1154	15.11	15.11	0.00	0.00	0.10	0.10	0.31	0.22	0.33	0.47	0.67	0.53	1.00	1.00
кубло	102	102	62	62	132	62.20	62.20	69.86	69.86	0.02	0.01	0.06	0.01	0.28	1.15	0.74	0.00	0.86	0.00
сотик	55	55	111	111	117	33.13	33.13	35.71	35.71	0.02	0.02	0.05	0.11	0.43	0.22	0.61	0.78	0.80	1.00
матный	53	53	827	827	808	6.02	6.02	6.85	6.85	0.06	0.06	0.28	0.20	0.21	0.29	0.79	0.71	1.00	1.00
мобилка	361	361	548	548	744	39.71	39.71	45.70	45.70	0.04	0.04	0.22	0.21	0.20	0.21	0.80	0.79	1.00	1.00
обменка	94	94	82	82	92	53.41	53.41	60.26	60.26	0.01	0.01	0.06	0.02	0.18	0.59	0.82	0.41	1.00	1.00
стёрка	64	64	106	106	154	37.65	37.65	42.67	42.67	0.01	0.01	0.08	0.02	0.18	0.66	0.82	0.46	1.00	0.75
бусик	90	90	71	71	94	55.90	55.90	66.67	66.67	0.01	0.01	0.05	0.01	0.15	1.17	0.85	0.14	1.00	0.50
кравчучка	25	25	13	13	32	65.79	65.79	73.53	73.53	0.00	0.00	0.02	0.00	0.14	inf	0.86	0.00	1.00	0.00
поребрик	15	15	625	625	430	2.34	2.34	2.70	2.70	0.02	0.02	0.18	0.16	0.12	0.15	0.88	0.85	1.00	1.00
чинарик	20	20	116	116	209	14.71	14.71	1.69	1.69	0.01	0.01	0.10	0.02	0.10	0.43	0.90	0.57	1.00	1.00
сидушка	43	43	159	159	160	21.29	21.29	0.00	0.00	0.02	0.02	0.21	0.04	0.10	0.57	0.90	0.43	1.00	1.00
обменник	22	22	669	669	358	3.18	3.18	3.68	3.68	0.02	0.02	0.34	0.19	0.07	0.12	0.93	0.88	1.00	1.00
новостийный	51	51	58	58	69	46.79	46.79	51.52	51.52	0.01	0.01	0.13	0.01	0.05	1.23	0.95	0.00	1.00	0.00
догонялки	34	34	1171	1170	979	2.82	2.82	3.24	3.25	0.07	0.10	1.50	0.39	0.05	0.25	0.95	0.75	1.00	1.00
ругачка	9	9	56	56	50	13.85	13.85	16.36	16.36	0.00	0.01	0.10	0.11	0.04	0.06	0.96	0.94	1.00	1.00
мобиль	0	0	383	383	271	0.00	0.00	0.00	0.00	0.00	0.00	0.15	0.07	0.00	0.00	0.00	0.00	1.00	1.00
ульяновка	3	3	127	127	130	2.31	2.31	2.63	2.63	0.03	0.00	0.05	0.02	0.58	0.00	0.42	0.00	1.00	1.00
рыпа	0	0	269	269	315	0.00	0.00	0.00	0.00	0.00	0.00	0.33	0.33	0.00	0.00	0.00	0.00	1.00	1.00
кеч	0	0	35	35	49	0.00	0.00	0.00	0.00	0.00	0.00	0.18	0.03	0.00	0.00	0.00	0.00	1.00	1.00
калать	0	0	180	180	157	0.00	0.00	0.00	0.00	0.00	0.00	0.21	0.21	0.00	0.00	0.00	0.00	1.00	1.00
араз	0	0	48	48	32	0.00	0.00	0.00	0.00	0.00	0.00	0.06	0.01	0.00	0.00	0.00	0.00	1.00	1.00
локер	0	0	33	33	37	0.00	0.00	0.00	0.00	0.00	0.00	0.06	0.00	0.00	0.00	0.00	0.00	1.00	1.00
ляпки	5	5	43	43	44	10.42	10.42	12.20	12.20	0.02	0.00	0.09	0.00	0.18	0.00	0.82	0.00	1.00	1.00
сморода	1	1	36	36	29	2.70	2.70	2.78	2.78	0.02	0.00	0.05	0.00	0.42	0.00	0.58	0.00	1.00	1.00
берик	1	1	50	50	43	1.96	1.96	2.08	2.08	0.00	0.00	0.09	0.05	0.04	0.00	0.96	0.00	1.00	1.00
гопа	4	4	104	104	71	3.70	3.70	4.26	4.26	0.04	0.00	0.42	0.02	0.10	0.00	0.90	0.00	1.00	1.00
пятнашки	0	0	164	164	154	0.00	0.00	0.00	0.00	0.00	0.00	0.33	0.02	0.00	0.00	0.00	0.00	1.00	1.00
красовский	3	3	101	101	80	2.88	2.88	4.00	4.00	0.00	0.00	0.11	0.02	0.01	0.00	0.99	0.00	1.00	1.00
хилять	3	3	31	31	32	8.82	8.82	10.71	10.71	0.03	0.00	0.03	0.00	1.08	0.00	0.37	0.00	0.67	1.00
пиджачка	0	0	63	63	26	0.00	0.00	0.00	0.00	0.00	0.00	0.03	0.02	0.00	0.00	0.00	0.00	1.00	1.00
муль	0	0	341	341	298	0.00	0.00	0.00	0.00	0.00	0.00	0.23	0.08	0.00	0.00	0.00	0.00	1.00	1.00
дикорос	5	5	47	47	28	9.62	9.62	10.87	10.87	0.01	0.00	0.06	0.00	0.22	0.00	0.78	0.00	1.00	1.00
дирик	0	0	51	51	51	0.00	0.00	0.00	0.00	0.00	0.00	0.04	0.01	0.00	0.00	0.00	0.00	1.00	1.00
тютина	1	1	55	55	35	1.79	1.79	2.04	2.04	0.00	0.00	1.18	0.01	0.00	0.00	1.00	0.00	1.00	1.00
крутка	0	0	249	249	128	0.00	0.00	0.00	0.00	0.00	0.00	0.11	0.11	0.00	0.00	0.00	0.00	1.00	1.00
жамка	6	6	318	318	334	1.85	1.85	2.08	2.08	0.03	0.00	0.50	0.05	0.06	0.00	0.94	0.00	1.00	1.00
долбан	0	0	136	136	114	0.00	0.00	0.00	0.00	0.00	0.00	0.11	0.03	0.00	0.00	0.00	0.00	1.00	1.00
бадлон	0	0	17	17	57	0.00	0.00	0.00	0.00	0.00	0.00	0.03	0.00	0.00	0.00	0.00	0.00	1.00	1.00
кукси	1	1	37	37	38	2.63	2.63	2.78	2.78	0.08	0.00	0.07	0.07	1.11	0.00	0.00	0.00	0.00	1.00
кура	3	3	46	46	47	6.12	6.12	7.50	7.50	0.01	0.00	0.11	0.00	0.13	0.00	0.87	0.00	1.00	1.00
кукса	2	2	94	94	52	2.08	2.08	2.53	2.53	0.11	0.00	0.22	0.02	0.48	0.00	0.52	0.00	1.00	1.00
чухать	0	0	98	98	84	0.00	0.00	0.00	0.00	0.00	0.00	0.05	0.03	0.00	0.00	0.00	0.00	1.00	1.00
копач	1	1	68	68	51	1.45	1.45	1.72	1.72	0.00	0.00	0.05	0.01	0.06	0.00	0.94	0.00	1.00	1.00
голить	4	4	77	77	30	4.94	4.94	5.06	5.06	0.01	0.00	0.05	0.06	0.29	0.00	0.71	0.00	1.00	1.00
хабарь	1	1	67	67	35	1.47	1.47	1.52	1.52	0.00	0.00	0.08	0.02	0.04	0.00	0.96	0.00	1.00	1.00
латка	0	0	247	247	161	0.00	0.00	0.00	0.00	0.00	0.00	0.65	0.04	0.00	0.00	0.00	0.00	1.00	1.00
схилять	2	2	26	26	36	7.14	7.14	7.14	7.14	0.01	0.00	0.07	0.07	0.08	0.00	0.92	0.00	1.00	1.00
