Лемма	positive		negative		not positive	pos fraction		pos fraction without Moscow		mean pos percentage		mean neg percentage		pos neg ratio		percentage defect		rank defect	
одоробло	17	17	0	0	6	100.00	100.00	100.00	100.00	0.00	0.00	0.00	0.00	inf	inf	0.00	0.00	0.00	0.00
семский	30	30	0	0	23	100.00	100.00	100.00	100.00	0.05	0.05	0.00	0.00	inf	inf	0.00	0.00	0.00	0.00
ганделик	5	5	0	0	2	100.00	100.00	100.00	100.00	0.00	0.00	0.00	0.00	inf	inf	0.00	0.00	0.00	0.00
манты	21	21	0	0	13	100.00	100.00	100.00	100.00	0.00	0.01	0.00	0.00	inf	inf	0.00	0.00	0.00	0.00
наявность	28	28	0	0	5	100.00	100.00	100.00	100.00	0.00	0.00	0.00	0.00	inf	inf	0.00	0.00	0.00	0.00
тыняться	13	13	0	0	6	100.00	100.00	100.00	100.00	0.00	0.00	0.00	0.00	inf	inf	0.00	0.00	0.00	0.00
селючка	9	9	0	0	4	100.00	100.00	100.00	100.00	0.00	0.00	0.00	0.00	inf	inf	0.00	0.00	0.00	0.00
мамбетизм	43	43	1	1	55	97.73	97.73	97.73	97.73	0.08	0.08	0.00	0.00	518.95	inf	0.00	0.00	0.00	0.00
головар	6	6	2	2	10	75.00	75.00	100.00	100.00	0.18	0.18	0.00	0.00	159.18	inf	0.00	0.00	0.00	0.00
Новчик	5	5	3	3	4	62.50	62.50	83.33	83.33	0.10	0.10	0.00	0.00	61.80	inf	0.00	0.00	0.00	0.00
Ульск	11	11	5	5	7	68.75	68.75	91.67	91.67	0.18	0.18	0.00	0.00	42.94	inf	0.00	0.00	0.00	0.00
Невинка	9	9	3	3	2	75.00	75.00	90.00	90.00	0.15	0.15	0.01	0.00	25.49	inf	0.00	0.00	0.00	0.00
култук	43	43	12	12	29	78.18	78.18	78.18	78.18	0.52	0.52	0.03	0.00	18.78	inf	0.00	0.00	0.00	0.00
Улановка	7	7	1	1	1	87.50	87.50	87.50	87.50	0.21	0.21	0.01	0.00	17.65	inf	0.00	0.00	0.00	0.00
Лебердон	9	9	1	1	1	90.00	90.00	90.00	90.00	0.05	0.05	0.00	0.00	11.78	inf	0.00	0.00	0.00	0.00
горсад	74	74	10	10	50	88.10	88.10	90.24	90.24	0.08	0.16	0.01	0.00	8.84	inf	0.08	-0.00	0.07	0.00
италмас	9	9	3	3	7	75.00	75.00	81.82	81.82	0.11	0.11	0.01	0.00	7.98	inf	0.00	0.00	0.00	0.00
богатка	7	7	7	7	10	50.00	50.00	87.50	87.50	0.04	0.04	0.00	0.00	7.85	10.64	0.00	0.00	0.00	0.00
Светлик	5	5	1	1	4	83.33	83.33	83.33	83.33	0.07	0.07	0.01	0.00	7.61	inf	0.00	0.00	0.00	0.00
Симф	55	55	27	27	52	67.07	67.07	73.33	73.33	0.27	0.27	0.04	0.03	7.15	9.66	0.00	0.00	0.00	0.00
Орен	64	64	86	86	96	42.67	42.67	47.41	47.41	0.78	0.78	0.11	0.11	7.06	7.06	0.00	0.00	0.00	0.00
Севск	15	15	9	9	20	62.50	62.50	65.22	65.22	0.14	0.12	0.02	0.00	6.94	inf	0.00	0.00	0.00	0.00
Севаст	28	28	23	23	32	54.90	54.90	57.14	57.14	0.14	0.14	0.02	0.02	6.88	6.88	0.00	0.00	0.00	0.00
буузы	16	16	14	14	56	53.33	53.33	64.00	64.00	0.29	0.46	0.04	0.00	6.85	159.18	0.00	0.00	0.00	0.00
Чебы	22	22	34	34	25	39.29	39.29	59.46	59.46	0.42	0.42	0.06	0.01	6.69	38.38	0.00	0.00	0.00	0.00
Кёник	6	6	5	5	7	54.55	54.55	66.67	66.67	0.09	0.09	0.01	0.00	6.12	inf	0.00	0.00	0.00	0.00
скибка	22	22	1	1	9	95.65	95.65	100.00	100.00	0.00	0.00	0.00	0.00	5.78	inf	0.00	0.00	0.00	0.00
грибовница	5	5	5	5	10	50.00	50.00	71.43	71.43	0.03	0.03	0.00	0.00	5.61	inf	0.00	0.00	0.00	0.00
Долгопа	8	8	15	15	12	34.78	34.78	88.89	88.89	0.05	0.05	0.01	0.01	5.60	5.60	0.00	0.00	0.00	0.00
рясно	157	157	4	4	70	97.52	97.52	98.74	98.74	0.02	0.02	0.00	0.00	5.32	inf	0.00	0.00	0.00	0.00
бичиха	21	21	7	7	30	75.00	75.00	84.00	84.00	0.07	0.12	0.01	0.00	4.94	inf	0.03	0.00	0.19	0.00
Семск	63	63	5	5	43	92.65	92.65	92.65	92.65	0.12	0.12	0.03	0.00	4.15	inf	0.00	0.00	0.00	0.00
мамбет	156	156	24	24	154	86.67	86.67	87.64	87.64	0.26	0.26	0.06	0.00	3.96	565.56	0.00	0.00	0.00	0.00
тремпель	54	54	23	23	59	70.13	70.13	72.97	72.97	0.08	0.20	0.02	0.02	3.93	12.04	0.08	0.00	0.44	0.00
швендять	14	14	1	1	2	93.33	93.33	100.00	100.00	0.00	0.00	0.00	0.00	3.68	inf	0.00	0.00	0.00	0.00
балашка	12	12	10	10	19	54.55	54.55	75.00	75.00	0.04	0.02	0.01	0.00	3.59	5.81	0.00	0.00	0.00	0.00
микрик	15	15	19	19	22	44.12	44.12	45.45	45.45	0.10	0.24	0.03	0.00	3.47	269.26	0.08	0.00	0.20	0.00
аршан	29	29	41	41	58	41.43	41.43	44.62	44.62	0.59	0.79	0.14	0.24	4.08	3.28	0.00	0.00	0.00	0.00
однёшка	11	11	1	1	2	91.67	91.67	91.67	91.67	0.04	0.04	0.01	0.00	3.15	inf	0.00	0.00	0.00	0.00
Кёниг	49	49	183	183	180	21.12	21.12	26.63	26.63	0.69	0.69	0.26	0.05	2.72	13.11	0.00	0.00	0.00	0.00
мивина	570	570	37	37	311	93.90	93.90	95.00	95.00	0.09	0.09	0.04	0.00	2.26	21.39	0.00	0.00	0.00	0.00
секционка	17	17	6	6	18	73.91	73.91	73.91	73.91	0.08	0.08	0.03	0.00	2.22	inf	0.05	0.00	0.11	0.00
сарайка	42	42	20	20	77	67.74	67.74	75.00	75.00	0.06	0.08	0.03	0.00	2.13	69.51	0.24	0.00	0.20	0.00
Левбердон	5	5	3	3	6	62.50	62.50	62.50	62.50	0.03	0.03	0.01	0.00	2.06	inf	0.00	0.00	0.00	0.00
шаверма	24	24	284	284	433	7.79	7.79	10.39	10.39	0.36	0.41	0.18	0.13	2.03	3.16	0.10	0.09	0.31	0.33
Новорос	10	10	9	9	5	52.63	52.63	55.56	55.56	0.05	0.05	0.02	0.00	1.92	inf	0.00	0.00	0.00	0.00
повешать	70	70	65	65	82	51.85	51.85	54.69	54.69	0.06	0.06	0.03	0.00	1.90	22.23	0.17	0.00	0.24	0.00
копняк	11	11	59	59	49	15.71	15.71	15.71	15.71	0.06	0.11	0.03	0.04	1.77	2.81	0.04	0.00	0.33	0.00
КГТ	21	21	14	14	51	60.00	60.00	63.64	63.64	0.12	0.19	0.07	0.00	1.62	inf	0.17	0.00	0.50	0.00
парма	49	49	261	261	189	15.81	15.81	18.15	18.15	0.21	0.21	0.13	0.08	1.62	2.76	0.00	0.00	0.00	0.00
насаться	8	8	5	5	11	61.54	61.54	66.67	66.67	0.03	0.07	0.02	0.00	1.56	inf	0.28	0.00	0.67	0.00
рясный	60	60	5	5	24	92.31	92.31	93.75	93.75	0.04	0.01	0.03	0.00	1.55	inf	0.27	0.00	0.67	0.00
позная	11	11	22	22	24	33.33	33.33	35.48	35.48	0.06	0.11	0.04	0.00	1.53	103.00	0.14	0.00	0.33	0.00
повешаться	40	40	32	32	76	55.56	55.56	61.54	61.54	0.04	0.04	0.02	0.00	1.52	25.85	0.24	0.00	0.30	0.00
улучшенка	15	15	4	4	9	78.95	78.95	78.95	78.95	0.03	0.05	0.02	0.00	1.40	inf	0.22	0.00	0.44	0.00
Ахтари	6	6	4	4	6	60.00	60.00	60.00	60.00	0.03	0.03	0.02	0.00	1.39	inf	0.00	0.00	0.00	0.00
толока	102	102	9	9	46	91.89	91.89	96.23	96.23	0.01	0.02	0.01	0.00	1.32	5.25	0.21	0.00	0.50	0.00
полторушка	5	5	1	1	7	83.33	83.33	100.00	100.00	0.00	0.00	0.00	0.00	1.31	inf	0.00	0.00	0.00	0.00
Новочек	11	11	7	7	12	61.11	61.11	73.33	73.33	0.06	0.06	0.05	0.00	1.30	inf	0.00	0.00	0.00	0.00
Новосиб	277	277	223	223	251	55.40	55.40	64.27	64.27	0.39	0.39	0.31	0.25	1.26	1.60	0.28	0.24	0.42	0.31
темнушка	7	7	4	4	4	63.64	63.64	70.00	70.00	0.02	0.02	0.02	0.00	1.18	inf	0.13	0.00	0.25	0.00
бздых	7	7	8	8	6	46.67	46.67	70.00	70.00	0.03	0.03	0.03	0.00	1.18	11.38	0.00	0.00	0.00	0.00
подклад	340	340	351	351	347	49.20	49.20	53.54	53.54	0.13	0.14	0.12	0.08	1.10	1.74	0.26	0.09	0.47	0.19
мамбетка	27	27	3	3	13	90.00	90.00	93.10	93.10	0.08	0.08	0.07	0.00	1.09	inf	0.34	0.00	0.25	0.00
Зелик	12	12	48	48	31	20.00	20.00	32.43	32.43	0.07	0.11	0.07	0.01	1.05	8.55	0.27	0.00	0.50	0.00
Симфер	91	91	10	10	27	90.10	90.10	96.81	96.81	0.01	0.01	0.01	0.00	1.03	3.42	0.00	0.00	0.00	0.00
малосемейка	118	118	127	127	105	48.16	48.16	49.79	49.79	0.06	0.08	0.04	0.08	1.30	0.96	0.37	0.41	0.33	0.45
брежневка	25	25	14	14	24	64.10	64.10	69.44	69.44	0.02	0.03	0.02	0.00	0.95	inf	0.45	0.00	0.37	0.00
пасочка	903	903	125	125	344	87.84	87.84	90.85	90.85	0.11	0.13	0.12	0.11	0.95	1.21	0.29	0.28	0.50	0.33
гембель	8	8	20	20	32	28.57	28.57	36.36	36.36	0.03	0.03	0.04	0.00	0.88	9.69	0.12	0.00	1.00	0.00
ботсад	206	206	99	99	133	67.54	67.54	61.63	61.63	0.06	0.09	0.08	0.07	0.80	1.22	0.44	0.35	0.71	0.56
пайта	33	33	37	37	47	47.14	47.14	48.53	48.53	0.07	0.07	0.09	0.01	0.80	4.76	0.29	0.00	0.50	0.00
потеряшка	123	123	410	410	354	23.08	23.08	26.74	26.74	0.11	0.10	0.11	0.13	1.03	0.80	0.28	0.35	0.55	0.72
мамбетский	44	44	2	2	32	95.65	95.65	95.65	95.65	0.05	0.08	0.06	0.00	0.76	inf	0.54	0.00	0.50	0.00
сталинка	142	142	101	101	184	58.44	58.44	72.45	72.45	0.03	0.03	0.04	0.02	0.70	1.39	0.48	0.22	0.50	0.40
отворотка	8	8	4	4	7	66.67	66.67	66.67	66.67	0.03	0.05	0.04	0.00	0.69	inf	0.53	0.00	0.33	0.00
Новоросс	36	36	121	121	65	22.93	22.93	28.12	28.12	0.09	0.16	0.13	0.07	0.69	2.37	0.50	0.00	0.75	0.00
Стерлик	9	9	8	8	7	52.94	52.94	60.00	60.00	0.03	0.03	0.05	0.00	0.67	inf	0.33	0.00	1.00	0.00
политсила	157	157	36	36	49	81.35	81.35	88.70	88.70	0.02	0.02	0.04	0.01	0.65	2.58	0.35	0.00	1.00	0.00
сродный	28	28	203	203	186	12.12	12.12	13.33	13.33	0.06	0.04	0.09	0.06	0.64	0.81	0.46	0.31	0.76	0.67
гирло	92	92	8	8	49	92.00	92.00	95.83	95.83	0.01	0.01	0.02	0.00	0.63	inf	0.51	0.00	0.44	0.00
Кривбасс	135	135	13	13	43	91.22	91.22	95.07	95.07	0.02	0.02	0.04	0.00	0.57	5.91	0.43	0.00	1.00	0.00
перваш	9	9	9	9	8	50.00	50.00	52.94	52.94	0.01	0.01	0.02	0.00	0.56	inf	0.44	0.00	1.00	0.00
Ебург	59	59	61	61	43	49.17	49.17	58.42	58.42	0.07	0.08	0.12	0.02	0.54	4.32	0.58	0.01	0.50	0.11
греча	63	63	2998	2998	3129	2.06	2.06	2.50	2.50	0.47	0.54	0.98	1.05	0.48	0.51	0.55	0.53	0.88	0.88
улка	25	25	79	79	54	24.04	24.04	26.60	26.60	0.04	0.03	0.06	0.07	0.63	0.47	0.48	0.53	0.83	1.00
баклажка	79	79	30	30	69	72.48	72.48	69.07	69.07	0.05	0.04	0.06	0.10	0.76	0.46	0.49	0.68	0.51	0.33
реготать	49	49	5	5	24	90.74	90.74	94.23	94.23	0.01	0.01	0.01	0.00	0.44	inf	0.56	0.00	1.00	0.00
выпадывать	14	14	15	15	19	48.28	48.28	53.85	53.85	0.02	0.03	0.06	0.00	0.43	inf	0.58	0.00	0.94	0.00
сотовый	928	928	7821	7821	7027	10.61	10.61	12.04	12.04	0.88	0.88	2.04	2.04	0.43	0.43	0.57	0.57	1.00	1.00
поварёшка	62	62	213	213	283	22.55	22.55	26.50	26.50	0.04	0.05	0.10	0.07	0.42	0.73	0.60	0.34	0.92	0.75
наливайка	76	76	25	25	48	75.25	75.25	77.55	77.55	0.02	0.02	0.06	0.00	0.38	18.28	0.63	0.00	0.78	0.00
шихан	31	31	72	72	98	30.10	30.10	37.80	37.80	0.06	0.06	0.16	0.02	0.36	3.36	0.64	0.00	1.00	0.00
Ирк	17	17	15	15	29	53.12	53.12	56.67	56.67	0.01	0.01	0.02	0.00	0.33	inf	0.67	0.00	1.00	0.00
тям	19	19	14	14	16	57.58	57.58	76.00	76.00	0.02	0.00	0.01	0.00	1.21	0.33	0.31	0.67	0.44	1.00
кубло	121	121	114	114	245	51.49	51.49	60.50	60.50	0.05	0.03	0.16	0.06	0.32	0.43	0.72	0.61	0.89	0.67
яйла	24	24	31	31	43	43.64	43.64	51.06	51.06	0.12	0.12	0.38	0.02	0.32	7.66	0.68	0.00	1.00	0.00
сотик	57	57	116	116	120	32.95	32.95	35.62	35.62	0.03	0.04	0.07	0.12	0.41	0.32	0.62	0.69	0.80	0.81
селюк	425	425	50	50	206	89.47	89.47	91.79	91.79	0.06	0.06	0.21	0.01	0.31	9.31	0.69	0.00	1.00	0.00
горпарк	12	12	19	19	12	38.71	38.71	40.00	40.00	0.06	0.06	0.19	0.19	0.30	0.30	0.70	0.70	1.00	1.00
байга	18	18	4	4	14	81.82	81.82	81.82	81.82	0.03	0.03	0.12	0.00	0.28	inf	0.72	0.00	1.00	0.00
догоняшки	7	7	6	6	11	53.85	53.85	63.64	63.64	0.01	0.03	0.05	0.00	0.27	inf	0.75	0.00	0.89	0.00
занос	260	260	1665	1665	1570	13.51	13.51	0.00	0.00	0.15	0.15	0.65	0.65	0.23	0.23	0.77	0.77	1.00	1.00
гранчак	6	6	2	2	5	75.00	75.00	85.71	85.71	0.00	0.00	0.00	0.00	0.22	inf	0.78	0.00	1.00	0.00
батониться	11	11	6	6	10	64.71	64.71	78.57	78.57	0.02	0.03	0.11	0.00	0.22	inf	0.82	0.00	0.24	0.00
Челяба	106	106	114	114	166	48.18	48.18	54.92	54.92	0.15	0.23	0.85	1.11	0.18	0.21	0.83	0.82	0.78	0.50
стёрка	68	68	113	113	159	37.57	37.57	42.24	42.24	0.02	0.02	0.12	0.03	0.18	0.66	0.82	0.46	1.00	0.81
парафия	18	18	6	6	19	75.00	75.00	90.00	90.00	0.00	0.00	0.01	0.00	0.18	inf	0.83	0.00	0.75	0.00
мобилка	396	396	588	588	791	40.24	40.24	46.48	46.48	0.06	0.06	0.37	0.37	0.16	0.16	0.84	0.84	1.00	1.00
таксофирма	6	6	2	2	3	75.00	75.00	85.71	85.71	0.00	0.00	0.01	0.00	0.16	inf	0.84	0.00	1.00	0.00
матный	56	56	967	967	948	5.47	5.47	6.29	6.29	0.10	0.10	0.64	0.60	0.15	0.16	0.85	0.84	1.00	1.00
бусик	102	102	84	84	104	54.84	54.84	66.23	66.23	0.01	0.02	0.08	0.04	0.15	0.40	0.85	0.60	1.00	1.00
поребрик	16	16	773	773	520	2.03	2.03	2.29	2.29	0.03	0.03	0.25	0.24	0.13	0.14	0.87	0.86	1.00	1.00
обменник	26	26	814	814	445	3.10	3.10	3.61	3.61	0.04	0.04	0.35	0.24	0.12	0.18	0.88	0.82	1.00	1.00
шухлядка	13	13	6	6	7	68.42	68.42	72.22	72.22	0.00	0.00	0.02	0.00	0.12	inf	0.88	0.00	1.00	0.00
хабза	7	7	5	5	23	58.33	58.33	70.00	70.00	0.01	0.01	0.13	0.00	0.11	inf	0.89	0.00	0.50	0.00
сидушка	46	46	172	172	171	21.10	21.10	0.00	0.00	0.03	0.03	0.25	0.09	0.11	0.30	0.89	0.70	1.00	1.00
обменка	102	102	96	96	103	51.52	51.52	57.95	57.95	0.02	0.01	0.15	0.06	0.10	0.26	0.90	0.74	1.00	1.00
чинарик	20	20	117	117	214	14.60	14.60	1.68	1.68	0.01	0.01	0.15	0.03	0.09	0.36	0.91	0.64	1.00	1.00
дюндель	6	6	3	3	3	66.67	66.67	66.67	66.67	0.00	0.00	0.01	0.00	0.07	inf	0.93	0.00	1.00	0.00
маланец	6	6	2	2	10	75.00	75.00	75.00	75.00	0.00	0.00	0.01	0.00	0.07	inf	0.93	0.00	1.00	0.00
кравчучка	41	41	50	50	114	45.05	45.05	56.94	56.94	0.01	0.01	0.10	0.08	0.06	0.08	0.94	0.92	1.00	1.00
открывачка	5	5	2	2	1	71.43	71.43	71.43	71.43	0.00	0.00	0.01	0.00	0.06	inf	0.94	0.00	1.00	0.00
ругачка	9	9	56	56	50	13.85	13.85	16.36	16.36	0.01	0.01	0.12	0.12	0.05	0.07	0.95	0.93	1.00	1.00
кугут	15	15	10	10	10	60.00	60.00	60.00	60.00	0.00	0.00	0.08	0.00	0.05	inf	0.95	0.00	1.00	0.00
муляка	5	5	1	1	0	83.33	83.33	83.33	83.33	0.00	0.00	0.02	0.00	0.05	inf	0.95	0.00	1.00	0.00
догонялки	39	39	1251	1250	1045	3.02	3.03	3.49	3.49	0.10	0.15	2.38	0.58	0.04	0.26	0.96	0.74	1.00	1.00
кинопалац	9	9	6	6	6	60.00	60.00	64.29	64.29	0.00	0.00	0.05	0.05	0.03	0.03	0.97	0.97	1.00	1.00
дудлить	6	6	6	6	15	50.00	50.00	75.00	75.00	0.00	0.00	0.03	0.00	0.03	inf	0.97	0.00	1.00	0.00
новостийный	95	95	123	123	155	43.58	43.58	47.26	47.26	0.01	0.01	0.56	0.10	0.03	0.14	0.97	0.86	1.00	1.00
Симфи	10	10	11	11	7	47.62	47.62	52.63	52.63	0.00	0.00	0.07	0.00	0.02	inf	0.98	0.00	1.00	0.00
ракушняк	21	21	12	12	14	63.64	63.64	75.00	75.00	0.00	0.00	0.20	0.00	0.02	1.10	0.98	0.00	1.00	0.00
растрынькать	6	6	5	5	8	54.55	54.55	54.55	54.55	0.00	0.00	0.07	0.00	0.01	inf	0.99	0.00	1.00	0.00
окараться	2	2	0	0	1	100.00	100.00	100.00	100.00	0.01	0.00	0.00	0.00	inf	0.00	0.00	0.00	0.00	1.00
берик	1	1	75	75	52	1.32	1.32	1.39	1.39	0.00	0.00	0.13	0.11	0.03	0.00	0.97	0.00	1.00	1.00
трущобник	0	0	2	2	5	0.00	0.00	0.00	0.00	0.00	0.00	0.00	0.00	0.00	0.00	0.00	0.00	1.00	1.00
юганский	2	2	7	7	6	22.22	22.22	28.57	28.57	0.02	0.00	0.03	0.00	0.69	0.00	0.31	0.00	1.00	1.00
прометейка	0	0	1	1	0	0.00	0.00	0.00	0.00	0.00	0.00	0.00	0.00	0.00	0.00	0.00	0.00	1.00	1.00
боровок	0	0	19	19	14	0.00	0.00	0.00	0.00	0.00	0.00	0.04	0.01	0.00	0.00	0.00	0.00	1.00	1.00
энский	4	4	25	25	20	13.79	13.79	14.81	14.81	0.01	0.00	0.05	0.00	0.23	0.00	0.77	0.00	1.00	1.00
однёрка	2	2	28	28	26	6.67	6.67	7.14	7.14	0.00	0.00	0.09	0.00	0.03	0.00	0.97	0.00	1.00	1.00
бендёга	0	0	4	4	0	0.00	0.00	0.00	0.00	0.00	0.00	0.07	0.00	0.00	0.00	0.00	0.00	1.00	1.00
грядушка	4	4	9	9	3	30.77	30.77	57.14	57.14	0.05	0.00	0.02	0.00	3.29	0.00	0.00	0.00	0.00	1.00
лобань	1	1	3	3	5	25.00	25.00	25.00	25.00	0.00	0.00	0.01	0.00	0.39	0.00	0.61	0.00	1.00	1.00
замного	0	0	2	2	2	0.00	0.00	0.00	0.00	0.00	0.00	0.04	0.00	0.00	0.00	0.00	0.00	1.00	1.00
кукси	1	1	46	46	43	2.13	2.13	2.38	2.38	0.11	0.00	0.11	0.11	1.00	0.00	0.00	0.00	1.00	1.00
городушки	0	0	2	2	0	0.00	0.00	0.00	0.00	0.00	0.00	0.01	0.00	0.00	0.00	0.00	0.00	1.00	1.00
Юганск	2	2	22	22	11	8.33	8.33	9.09	9.09	0.02	0.00	0.14	0.14	0.15	0.00	0.85	0.00	1.00	1.00
Слепцовка	0	0	1	1	0	0.00	0.00	0.00	0.00	0.00	0.00	0.01	0.00	0.00	0.00	0.00	0.00	1.00	1.00
мантоварка	4	4	16	16	11	20.00	20.00	11.11	11.11	0.00	0.00	0.06	0.00	0.04	0.00	0.96	0.00	1.00	1.00
пастик	1	1	6	6	11	14.29	14.29	14.29	14.29	0.01	0.00	0.02	0.00	0.56	0.00	0.44	0.00	1.00	1.00
местовое	1	1	0	0	0	100.00	100.00	100.00	100.00	0.00	0.00	0.00	0.00	inf	0.00	0.00	0.00	0.00	1.00
углярка	4	4	0	0	4	100.00	100.00	100.00	100.00	0.01	0.00	0.00	0.00	inf	0.00	0.00	0.00	0.00	1.00
домушка	2	2	5	5	8	28.57	28.57	0.00	0.00	0.00	0.00	0.01	0.00	0.10	0.00	0.90	0.00	1.00	1.00
шаталить	0	0	1	1	2	0.00	0.00	0.00	0.00	0.00	0.00	0.00	0.00	0.00	0.00	0.00	0.00	1.00	1.00
тэшка	0	0	7	7	22	0.00	0.00	0.00	0.00	0.00	0.00	0.03	0.00	0.00	0.00	0.00	0.00	1.00	1.00
курумник	1	1	4	4	2	20.00	20.00	25.00	25.00	0.19	0.00	0.02	0.00	10.85	0.00	0.00	0.00	0.00	1.00
шахер	0	0	10	10	11	0.00	0.00	0.00	0.00	0.00	0.00	0.01	0.00	0.00	0.00	0.00	0.00	1.00	1.00
груздянка	0	0	3	3	5	0.00	0.00	0.00	0.00	0.00	0.00	0.00	0.00	0.00	0.00	0.00	0.00	1.00	1.00
дикошарый	8	8	1	1	1	88.89	88.89	88.89	88.89	0.01	0.00	0.00	0.00	3.21	0.00	0.19	0.00	0.16	1.00
перетяг	0	0	7	7	3	0.00	0.00	0.00	0.00	0.00	0.00	0.06	0.00	0.00	0.00	0.00	0.00	1.00	1.00
сейгод	2	2	4	4	0	33.33	33.33	33.33	33.33	0.02	0.00	0.04	0.00	0.61	0.00	0.39	0.00	1.00	1.00
жлыга	0	0	9	9	8	0.00	0.00	0.00	0.00	0.00	0.00	0.00	0.00	0.00	0.00	0.00	0.00	1.00	1.00
пиндитный	1	1	1	1	3	50.00	50.00	100.00	100.00	0.00	0.00	0.00	0.00	8.13	0.00	0.00	0.00	0.00	1.00
каралька	2	2	5	5	5	28.57	28.57	33.33	33.33	0.01	0.00	0.01	0.00	0.75	0.00	0.25	0.00	1.00	1.00
локер	0	0	37	37	48	0.00	0.00	0.00	0.00	0.00	0.00	0.12	0.00	0.00	0.00	0.00	0.00	1.00	1.00
каракат	3	3	9	9	14	25.00	25.00	25.00	25.00	0.03	0.00	0.03	0.01	1.15	0.00	0.00	0.00	0.00	1.00
хилять	5	5	38	38	43	11.63	11.63	13.51	13.51	0.08	0.00	0.05	0.00	1.65	0.00	0.29	0.00	0.67	1.00
микраш	0	0	7	7	9	0.00	0.00	0.00	0.00	0.00	0.00	0.01	0.00	0.00	0.00	0.00	0.00	1.00	1.00
сахалярка	1	1	1	1	0	50.00	50.00	50.00	50.00	0.02	0.00	0.01	0.00	2.89	0.00	0.00	0.00	0.00	1.00
гомонок	1	1	3	3	0	25.00	25.00	33.33	33.33	0.01	0.00	0.01	0.00	0.49	0.00	0.51	0.00	1.00	1.00
чирус	1	1	0	0	0	100.00	100.00	100.00	100.00	0.00	0.00	0.00	0.00	inf	0.00	0.00	0.00	0.00	1.00
пухто	0	0	4	4	17	0.00	0.00	0.00	0.00	0.00	0.00	0.24	0.00	0.00	0.00	0.00	0.00	1.00	1.00
сгондобить	0	0	3	3	4	0.00	0.00	0.00	0.00	0.00	0.00	0.01	0.00	0.00	0.00	0.00	0.00	1.00	1.00
сырть	0	0	1	1	2	0.00	0.00	0.00	0.00	0.00	0.00	0.03	0.00	0.00	0.00	0.00	0.00	1.00	1.00
кунять	3	3	7	7	4	30.00	30.00	37.50	37.50	0.00	0.00	0.02	0.00	0.02	0.00	0.98	0.00	1.00	1.00
автомиг	0	0	7	7	19	0.00	0.00	0.00	0.00	0.00	0.00	0.01	0.00	0.00	0.00	0.00	0.00	1.00	1.00
чебак	5	5	6	6	10	45.45	45.45	55.56	55.56	0.01	0.00	0.01	0.00	1.87	0.00	0.19	0.00	0.38	1.00
оренский	1	1	1	1	1	50.00	50.00	100.00	100.00	0.01	0.00	0.00	0.00	21.27	0.00	0.00	0.00	0.00	1.00
шибаться	0	0	3	3	0	0.00	0.00	0.00	0.00	0.00	0.00	0.00	0.00	0.00	0.00	0.00	0.00	1.00	1.00
растренькать	0	0	2	2	1	0.00	0.00	0.00	0.00	0.00	0.00	0.03	0.00	0.00	0.00	0.00	0.00	1.00	1.00
кульбик	1	1	0	0	0	100.00	100.00	100.00	100.00	0.01	0.00	0.00	0.00	inf	0.00	0.00	0.00	0.00	1.00
единка	0	0	2	2	3	0.00	0.00	0.00	0.00	0.00	0.00	0.02	0.00	0.00	0.00	0.00	0.00	1.00	1.00
лямой	0	0	15	15	6	0.00	0.00	0.00	0.00	0.00	0.00	0.12	0.00	0.00	0.00	0.00	0.00	1.00	1.00
красовский	3	3	108	108	92	2.70	2.70	3.75	3.75	0.00	0.00	0.19	0.03	0.01	0.00	0.99	0.00	1.00	1.00
карпалить	0	0	1	1	0	0.00	0.00	0.00	0.00	0.00	0.00	0.00	0.00	0.00	0.00	0.00	0.00	1.00	1.00
чебовский	1	1	1	1	1	50.00	50.00	50.00	50.00	0.02	0.00	0.03	0.00	0.61	0.00	0.39	0.00	1.00	1.00
газвода	5	5	4	4	14	55.56	55.56	71.43	71.43	0.01	0.00	0.02	0.00	0.54	0.00	0.59	0.00	0.50	1.00
газява	11	11	3	3	5	78.57	78.57	78.57	78.57	0.02	0.00	0.01	0.00	1.26	0.00	0.22	0.00	0.31	1.00
ленпроект	2	2	4	4	6	33.33	33.33	33.33	33.33	0.02	0.00	0.07	0.00	0.28	0.00	0.72	0.00	1.00	1.00
кукса	4	4	97	97	57	3.96	3.96	4.76	4.76	0.32	0.00	0.24	0.07	1.34	0.00	0.00	0.00	0.00	1.00
кучмовоз	1	1	0	0	0	100.00	100.00	100.00	100.00	0.00	0.00	0.00	0.00	inf	0.00	0.00	0.00	0.00	1.00
йошкинский	0	0	1	1	1	0.00	0.00	0.00	0.00	0.00	0.00	0.02	0.00	0.00	0.00	0.00	0.00	1.00	1.00
дрягаться	1	1	3	3	1	25.00	25.00	50.00	50.00	0.01	0.00	0.03	0.00	0.39	0.00	0.61	0.00	1.00	1.00
бичара	5	5	22	22	25	18.52	18.52	20.83	20.83	0.02	0.00	0.03	0.00	0.85	0.00	0.32	0.00	0.56	1.00
долбан	0	0	136	136	116	0.00	0.00	0.00	0.00	0.00	0.00	0.16	0.04	0.00	0.00	0.00	0.00	1.00	1.00
перебуробить	0	0	2	2	3	0.00	0.00	0.00	0.00	0.00	0.00	0.00	0.00	0.00	0.00	0.00	0.00	1.00	1.00
блондить	0	0	1	1	1	0.00	0.00	0.00	0.00	0.00	0.00	0.00	0.00	0.00	0.00	0.00	0.00	1.00	1.00
кастрюлить	2	2	0	0	1	100.00	100.00	100.00	100.00	0.01	0.00	0.00	0.00	inf	0.00	0.00	0.00	0.00	1.00
фазанка	8	8	3	3	13	72.73	72.73	72.73	72.73	0.12	0.00	0.01	0.00	15.82	0.00	0.06	0.00	0.11	1.00
залеп	0	0	8	8	3	0.00	0.00	0.00	0.00	0.00	0.00	0.09	0.09	0.00	0.00	0.00	0.00	1.00	1.00
хабарь	1	1	69	69	36	1.43	1.43	1.47	1.47	0.00	0.00	0.12	0.02	0.04	0.00	0.96	0.00	1.00	1.00
жулькать	3	3	3	3	2	50.00	50.00	60.00	60.00	0.01	0.00	0.00	0.00	2.02	0.00	0.00	0.00	0.00	1.00
тигули	2	2	5	5	4	28.57	28.57	50.00	50.00	0.03	0.00	0.02	0.00	1.16	0.00	0.00	0.00	0.00	1.00
Симфик	0	0	1	1	1	0.00	0.00	0.00	0.00	0.00	0.00	0.00	0.00	0.00	0.00	0.00	0.00	1.00	1.00
курмыш	1	1	8	8	8	11.11	11.11	12.50	12.50	0.00	0.00	0.06	0.00	0.07	0.00	0.93	0.00	1.00	1.00
балок	0	0	8	8	4	0.00	0.00	0.00	0.00	0.00	0.00	0.03	0.00	0.00	0.00	0.00	0.00	1.00	1.00
полублаг	4	4	0	0	9	100.00	100.00	100.00	100.00	0.32	0.00	0.00	0.00	inf	0.00	0.00	0.00	0.00	1.00
сижка	1	1	14	14	8	6.67	6.67	11.11	11.11	0.00	0.00	0.03	0.00	0.14	0.00	0.86	0.00	1.00	1.00
чубарик	0	0	3	3	3	0.00	0.00	0.00	0.00	0.00	0.00	0.02	0.00	0.00	0.00	0.00	0.00	1.00	1.00
Крас	1	1	44	44	27	2.22	2.22	2.70	2.70	0.01	0.00	0.06	0.00	0.11	0.00	0.89	0.00	1.00	1.00
полторачка	1	1	0	0	1	100.00	100.00	100.00	100.00	0.00	0.00	0.00	0.00	inf	0.00	0.00	0.00	0.00	1.00
ульяновка	3	3	138	138	134	2.13	2.13	2.42	2.42	0.03	0.00	0.08	0.03	0.42	0.00	0.58	0.00	1.00	1.00
сворот	3	3	5	5	3	37.50	37.50	37.50	37.50	0.02	0.00	0.01	0.00	2.60	0.00	0.00	0.00	0.00	1.00
чкаться	0	0	1	1	2	0.00	0.00	0.00	0.00	0.00	0.00	0.00	0.00	0.00	0.00	0.00	0.00	1.00	1.00
кублиться	1	1	0	0	0	100.00	100.00	100.00	100.00	0.00	0.00	0.00	0.00	inf	0.00	0.00	0.00	0.00	1.00
похожать	0	0	11	11	2	0.00	0.00	0.00	0.00	0.00	0.00	0.01	0.00	0.00	0.00	0.00	0.00	1.00	1.00
горбовик	1	1	0	0	0	100.00	100.00	100.00	100.00	0.01	0.00	0.00	0.00	inf	0.00	0.00	0.00	0.00	1.00
апушка	0	0	3	3	0	0.00	0.00	0.00	0.00	0.00	0.00	0.00	0.00	0.00	0.00	0.00	0.00	1.00	1.00
ерик	1	1	10	10	12	9.09	9.09	10.00	10.00	0.01	0.00	0.03	0.00	0.19	0.00	0.81	0.00	1.00	1.00
хохоряшки	2	2	1	1	4	66.67	66.67	100.00	100.00	0.01	0.00	0.00	0.00	35.68	0.00	0.00	0.00	0.00	1.00
толобы	1	1	2	2	4	33.33	33.33	50.00	50.00	0.12	0.00	0.00	0.00	201.19	0.00	0.00	0.00	0.00	1.00
сорожка	2	2	4	4	5	33.33	33.33	33.33	33.33	0.00	0.00	0.01	0.00	0.45	0.00	0.55	0.00	1.00	1.00
мультифора	0	0	2	2	1	0.00	0.00	0.00	0.00	0.00	0.00	0.01	0.00	0.00	0.00	0.00	0.00	1.00	1.00
кутарки	1	1	3	3	2	25.00	25.00	50.00	50.00	0.00	0.00	0.00	0.00	1.08	0.00	0.00	0.00	0.00	1.00
козный	4	4	7	7	4	36.36	36.36	57.14	57.14	0.03	0.00	0.13	0.00	0.21	0.00	0.79	0.00	1.00	1.00
ульский	0	0	2	2	2	0.00	0.00	0.00	0.00	0.00	0.00	0.18	0.00	0.00	0.00	0.00	0.00	1.00	1.00
вязочка	5	5	11	11	8	31.25	31.25	35.71	35.71	0.02	0.00	0.05	0.00	0.41	0.00	0.63	0.00	0.81	1.00
метельщик	0	0	3	3	4	0.00	0.00	0.00	0.00	0.00	0.00	0.01	0.00	0.00	0.00	0.00	0.00	1.00	1.00
казёнить	0	0	6	6	7	0.00	0.00	0.00	0.00	0.00	0.00	0.02	0.00	0.00	0.00	0.00	0.00	1.00	1.00
мультифорка	2	2	3	3	0	40.00	40.00	66.67	66.67	0.02	0.00	0.02	0.00	0.96	0.00	0.46	0.00	0.50	1.00
жердёла	2	2	4	4	4	33.33	33.33	40.00	40.00	0.01	0.00	0.02	0.00	0.41	0.00	0.59	0.00	1.00	1.00
турлы	1	1	6	6	10	14.29	14.29	14.29	14.29	0.04	0.00	0.01	0.01	3.04	0.00	0.00	0.00	0.00	1.00
шкара	0	0	22	22	25	0.00	0.00	0.00	0.00	0.00	0.00	0.06	0.00	0.00	0.00	0.00	0.00	1.00	1.00
мырк	0	0	5	5	25	0.00	0.00	0.00	0.00	0.00	0.00	0.01	0.00	0.00	0.00	0.00	0.00	1.00	1.00
шкорки	2	2	2	2	0	50.00	50.00	50.00	50.00	0.01	0.00	0.00	0.00	1.40	0.00	0.00	0.00	0.00	1.00
мульда	3	3	2	2	0	60.00	60.00	75.00	75.00	0.04	0.00	0.00	0.00	7.54	0.00	0.00	0.00	0.00	1.00
вартовский	0	0	11	11	6	0.00	0.00	0.00	0.00	0.00	0.00	0.09	0.09	0.00	0.00	0.00	0.00	1.00	1.00
Ижик	3	3	3	3	4	50.00	50.00	50.00	50.00	0.04	0.00	0.02	0.00	2.46	0.00	0.00	0.00	0.00	1.00
подглазины	2	2	1	1	4	66.67	66.67	66.67	66.67	0.02	0.00	0.01	0.00	2.67	0.00	0.09	0.00	0.25	1.00
блондиться	1	1	2	2	4	33.33	33.33	33.33	33.33	0.01	0.00	0.01	0.00	0.89	0.00	0.11	0.00	1.00	1.00
шалабушки	0	0	1	1	1	0.00	0.00	0.00	0.00	0.00	0.00	0.00	0.00	0.00	0.00	0.00	0.00	1.00	1.00
районский	2	2	8	8	6	20.00	20.00	22.22	22.22	0.12	0.00	0.03	0.00	3.71	0.00	0.00	0.00	0.00	1.00
паровать	4	4	2	2	5	66.67	66.67	80.00	80.00	0.00	0.00	0.01	0.00	0.11	0.00	0.89	0.00	1.00	1.00
латка	0	0	264	264	172	0.00	0.00	0.00	0.00	0.00	0.00	0.58	0.16	0.00	0.00	0.00	0.00	1.00	1.00
тяма	1	1	0	0	1	100.00	100.00	100.00	100.00	0.00	0.00	0.00	0.00	inf	0.00	0.00	0.00	0.00	1.00
бурситет	2	2	1	1	0	66.67	66.67	66.67	66.67	0.00	0.00	0.00	0.00	0.17	0.00	0.83	0.00	1.00	1.00
одикнуть	0	0	2	2	1	0.00	0.00	0.00	0.00	0.00	0.00	0.03	0.00	0.00	0.00	0.00	0.00	1.00	1.00
одоробла	1	1	0	0	0	100.00	100.00	100.00	100.00	0.00	0.00	0.00	0.00	inf	0.00	0.00	0.00	0.00	1.00
бэрик	0	0	1	1	4	0.00	0.00	0.00	0.00	0.00	0.00	0.00	0.00	0.00	0.00	0.00	0.00	1.00	1.00
котельцовый	2	2	0	0	0	100.00	100.00	100.00	100.00	0.08	0.00	0.00	0.00	inf	0.00	0.00	0.00	0.00	1.00
богодул	3	3	2	2	0	60.00	60.00	100.00	100.00	0.06	0.00	0.00	0.00	101.29	0.00	0.00	0.00	0.00	1.00
селюковский	2	2	4	4	5	33.33	33.33	50.00	50.00	0.00	0.00	0.02	0.00	0.02	0.00	0.98	0.00	1.00	1.00
Кырск	1	1	2	2	3	33.33	33.33	50.00	50.00	0.01	0.00	0.00	0.00	1.49	0.00	0.00	0.00	0.00	1.00
харыпка	1	1	2	2	0	33.33	33.33	33.33	33.33	0.12	0.00	0.06	0.00	2.18	0.00	0.00	0.00	0.00	1.00
бендёжка	1	1	0	0	1	100.00	100.00	100.00	100.00	0.00	0.00	0.00	0.00	inf	0.00	0.00	0.00	0.00	1.00
битловка	0	0	5	5	3	0.00	0.00	0.00	0.00	0.00	0.00	0.03	0.00	0.00	0.00	0.00	0.00	1.00	1.00
полярка	4	4	16	16	13	20.00	20.00	21.05	21.05	0.06	0.00	0.11	0.18	0.58	0.00	0.52	0.00	0.50	1.00
свороток	5	5	9	9	7	35.71	35.71	50.00	50.00	0.12	0.00	0.01	0.00	10.65	0.00	0.03	0.00	0.25	1.00
шобон	0	0	5	5	3	0.00	0.00	0.00	0.00	0.00	0.00	0.00	0.00	0.00	0.00	0.00	0.00	1.00	1.00
бздышка	1	1	0	0	1	100.00	100.00	100.00	100.00	0.00	0.00	0.00	0.00	inf	0.00	0.00	0.00	0.00	1.00
уёк	0	0	8	8	2	0.00	0.00	0.00	0.00	0.00	0.00	0.02	0.00	0.00	0.00	0.00	0.00	1.00	1.00
бодлон	0	0	5	5	9	0.00	0.00	0.00	0.00	0.00	0.00	0.01	0.00	0.00	0.00	0.00	0.00	1.00	1.00
максать	0	0	2	2	1	0.00	0.00	0.00	0.00	0.00	0.00	0.00	0.00	0.00	0.00	0.00	0.00	1.00	1.00
отпадывать	4	4	6	6	3	40.00	40.00	44.44	44.44	0.01	0.00	0.05	0.00	0.16	0.00	0.84	0.00	1.00	1.00
горошница	4	4	6	6	7	40.00	40.00	44.44	44.44	0.01	0.00	0.02	0.00	0.71	0.00	0.29	0.00	1.00	1.00
вимба	0	0	3	3	4	0.00	0.00	0.00	0.00	0.00	0.00	0.19	0.00	0.00	0.00	0.00	0.00	1.00	1.00
водогрей	0	0	9	9	25	0.00	0.00	0.00	0.00	0.00	0.00	0.01	0.00	0.00	0.00	0.00	0.00	1.00	1.00
Слепцовская	1	1	0	0	2	100.00	100.00	100.00	100.00	0.25	0.00	0.00	0.00	inf	0.00	0.00	0.00	0.00	1.00
бодан	0	0	3	3	0	0.00	0.00	0.00	0.00	0.00	0.00	0.05	0.00	0.00	0.00	0.00	0.00	1.00	1.00
ловитки	1	1	0	0	4	100.00	100.00	100.00	100.00	0.04	0.00	0.00	0.00	inf	0.00	0.00	0.00	0.00	1.00
ранешный	1	1	1	1	0	50.00	50.00	50.00	50.00	0.00	0.00	0.01	0.00	0.09	0.00	0.91	0.00	1.00	1.00
садоогород	3	3	1	1	1	75.00	75.00	75.00	75.00	0.04	0.00	0.00	0.00	9.04	0.00	0.00	0.00	0.00	1.00
шуфлядка	1	1	14	14	18	6.67	6.67	7.14	7.14	0.00	0.00	0.03	0.00	0.07	0.00	0.93	0.00	1.00	1.00
перекид	1	1	23	23	30	4.17	4.17	4.55	4.55	0.00	0.00	0.09	0.00	0.02	0.00	0.98	0.00	1.00	1.00
красноголовик	4	4	6	6	7	40.00	40.00	57.14	57.14	0.01	0.00	0.01	0.00	2.39	0.00	0.00	0.00	0.00	1.00
люксованный	0	0	3	3	1	0.00	0.00	0.00	0.00	0.00	0.00	0.00	0.00	0.00	0.00	0.00	0.00	1.00	1.00
двухквартирник	1	1	0	0	0	100.00	100.00	100.00	100.00	0.19	0.00	0.00	0.00	inf	0.00	0.00	0.00	0.00	1.00
рыготать	1	1	1	1	5	50.00	50.00	100.00	100.00	0.00	0.00	0.00	0.00	8.13	0.00	0.00	0.00	0.00	1.00
биндёга	0	0	1	1	0	0.00	0.00	0.00	0.00	0.00	0.00	0.02	0.00	0.00	0.00	0.00	0.00	1.00	1.00
жердель	3	3	2	2	3	60.00	60.00	60.00	60.00	0.00	0.00	0.01	0.00	0.45	0.00	0.55	0.00	1.00	1.00
бадлон	0	0	17	17	57	0.00	0.00	0.00	0.00	0.00	0.00	0.06	0.00	0.00	0.00	0.00	0.00	1.00	1.00
спадывать	3	3	8	8	8	27.27	27.27	30.00	30.00	0.01	0.00	0.01	0.00	0.49	0.00	0.51	0.00	1.00	1.00
хапчик	0	0	15	15	17	0.00	0.00	0.00	0.00	0.00	0.00	0.03	0.00	0.00	0.00	0.00	0.00	1.00	1.00
полублагоустроенный	4	4	1	1	5	80.00	80.00	80.00	80.00	0.01	0.00	0.00	0.00	4.39	0.00	0.09	0.00	0.12	1.00
таксичка	1	1	1	1	3	50.00	50.00	50.00	50.00	0.02	0.00	0.04	0.00	0.54	0.00	0.46	0.00	1.00	1.00
голить	4	4	82	82	31	4.65	4.65	4.82	4.82	0.02	0.00	0.07	0.11	0.29	0.00	0.71	0.00	1.00	1.00
калега	0	0	5	5	5	0.00	0.00	0.00	0.00	0.00	0.00	0.02	0.00	0.00	0.00	0.00	0.00	1.00	1.00
изнахратить	3	3	4	4	3	42.86	42.86	42.86	42.86	0.02	0.00	0.01	0.00	1.27	0.00	0.13	0.00	0.44	1.00
тютина	1	1	59	59	40	1.67	1.67	1.92	1.92	0.01	0.00	0.97	0.01	0.01	0.00	0.99	0.00	1.00	1.00
мобиль	0	0	461	461	329	0.00	0.00	0.00	0.00	0.00	0.00	0.22	0.16	0.00	0.00	0.00	0.00	1.00	1.00
бичёвка	7	7	20	20	21	25.93	25.93	28.00	28.00	0.02	0.00	0.26	0.94	0.06	0.00	0.94	0.00	0.88	1.00
метельщица	0	0	1	1	0	0.00	0.00	0.00	0.00	0.00	0.00	0.00	0.00	0.00	0.00	0.00	0.00	1.00	1.00
хитник	1	1	0	0	1	100.00	100.00	100.00	100.00	0.00	0.00	0.00	0.00	inf	0.00	0.00	0.00	0.00	1.00
рогачка	0	0	1	1	1	0.00	0.00	0.00	0.00	0.00	0.00	0.00	0.00	0.00	0.00	0.00	0.00	1.00	1.00
селючество	1	1	0	0	0	100.00	100.00	100.00	100.00	0.00	0.00	0.00	0.00	inf	0.00	0.00	0.00	0.00	1.00
кура	3	3	48	48	52	5.88	5.88	7.32	7.32	0.02	0.00	0.08	0.01	0.20	0.00	0.80	0.00	1.00	1.00
сущик	0	0	6	6	6	0.00	0.00	0.00	0.00	0.00	0.00	0.04	0.00	0.00	0.00	0.00	0.00	1.00	1.00
расколотка	0	0	3	3	0	0.00	0.00	0.00	0.00	0.00	0.00	0.01	0.00	0.00	0.00	0.00	0.00	1.00	1.00
араз	0	0	55	55	35	0.00	0.00	0.00	0.00	0.00	0.00	0.12	0.02	0.00	0.00	0.00	0.00	1.00	1.00
садинка	0	0	1	1	0	0.00	0.00	0.00	0.00	0.00	0.00	0.03	0.00	0.00	0.00	0.00	0.00	1.00	1.00
копаль	1	1	2	2	2	33.33	33.33	33.33	33.33	0.01	0.00	0.01	0.00	1.03	0.00	0.00	0.00	0.00	1.00
бодыч	1	1	0	0	1	100.00	100.00	100.00	100.00	0.00	0.00	0.00	0.00	inf	0.00	0.00	0.00	0.00	1.00
бадик	5	5	7	7	15	41.67	41.67	50.00	50.00	0.03	0.00	0.01	0.00	2.06	0.00	0.12	0.00	0.22	1.00
забутовка	0	0	3	3	3	0.00	0.00	0.00	0.00	0.00	0.00	0.02	0.00	0.00	0.00	0.00	0.00	1.00	1.00
Черник	0	0	1	1	1	0.00	0.00	0.00	0.00	0.00	0.00	0.00	0.00	0.00	0.00	0.00	0.00	1.00	1.00
ляпки	5	5	43	43	47	10.42	10.42	12.20	12.20	0.02	0.00	0.13	0.00	0.14	0.00	0.86	0.00	1.00	1.00
гороховица	2	2	0	0	2	100.00	100.00	100.00	100.00	0.03	0.00	0.00	0.00	inf	0.00	0.00	0.00	0.00	1.00
прохилять	1	1	0	0	1	100.00	100.00	100.00	100.00	0.00	0.00	0.00	0.00	inf	0.00	0.00	0.00	0.00	1.00
муль	0	0	477	477	399	0.00	0.00	0.00	0.00	0.00	0.00	0.46	0.23	0.00	0.00	0.00	0.00	1.00	1.00
ссобойка	0	0	5	5	10	0.00	0.00	0.00	0.00	0.00	0.00	0.02	0.00	0.00	0.00	0.00	0.00	1.00	1.00
Черних	1	1	9	9	2	10.00	10.00	14.29	14.29	0.01	0.00	0.01	0.00	1.69	0.00	0.00	0.00	0.00	1.00
ладки	2	2	40	40	25	4.76	4.76	5.26	5.26	0.01	0.00	0.11	0.11	0.07	0.00	0.93	0.00	1.00	1.00
мещер	0	0	2	2	0	0.00	0.00	0.00	0.00	0.00	0.00	0.04	0.00	0.00	0.00	0.00	0.00	1.00	1.00
пятнашки	0	0	168	168	168	0.00	0.00	0.00	0.00	0.00	0.00	0.29	0.04	0.00	0.00	0.00	0.00	1.00	1.00
шаять	7	7	13	13	21	35.00	35.00	36.84	36.84	0.01	0.00	0.01	0.00	0.51	0.00	0.56	0.00	0.64	1.00
квач	2	2	0	0	2	100.00	100.00	100.00	100.00	0.00	0.00	0.00	0.00	inf	0.00	0.00	0.00	0.00	1.00
бутерик	1	1	0	0	1	100.00	100.00	100.00	100.00	0.00	0.00	0.00	0.00	inf	0.00	0.00	0.00	0.00	1.00
помогайка	0	0	7	7	23	0.00	0.00	0.00	0.00	0.00	0.00	0.08	0.00	0.00	0.00	0.00	0.00	1.00	1.00
кугутский	1	1	2	2	0	33.33	33.33	33.33	33.33	0.01	0.00	0.02	0.00	0.33	0.00	0.67	0.00	1.00	1.00
сморода	1	1	47	47	42	2.08	2.08	2.13	2.13	0.03	0.00	0.09	0.09	0.34	0.00	0.66	0.00	1.00	1.00
полоротство	1	1	0	0	1	100.00	100.00	100.00	100.00	0.01	0.00	0.00	0.00	inf	0.00	0.00	0.00	0.00	1.00
Старочек	2	2	0	0	1	100.00	100.00	100.00	100.00	0.01	0.00	0.00	0.00	inf	0.00	0.00	0.00	0.00	1.00
шишковать	0	0	1	1	1	0.00	0.00	0.00	0.00	0.00	0.00	0.00	0.00	0.00	0.00	0.00	0.00	1.00	1.00
курмыши	0	0	3	3	1	0.00	0.00	0.00	0.00	0.00	0.00	0.00	0.00	0.00	0.00	0.00	0.00	1.00	1.00
горбулка	0	0	5	5	2	0.00	0.00	0.00	0.00	0.00	0.00	0.00	0.00	0.00	0.00	0.00	0.00	1.00	1.00
заколенники	0	0	2	2	0	0.00	0.00	0.00	0.00	0.00	0.00	0.02	0.00	0.00	0.00	0.00	0.00	1.00	1.00
строгалка	2	2	0	0	1	100.00	100.00	100.00	100.00	0.01	0.00	0.00	0.00	inf	0.00	0.00	0.00	0.00	1.00
родова	2	2	39	39	24	4.88	4.88	5.71	5.71	0.01	0.00	0.07	0.02	0.20	0.00	0.80	0.00	1.00	1.00
хобза	0	0	8	8	8	0.00	0.00	0.00	0.00	0.00	0.00	0.18	0.03	0.00	0.00	0.00	0.00	1.00	1.00
молзавод	1	1	4	4	5	20.00	20.00	25.00	25.00	0.03	0.00	0.21	0.00	0.14	0.00	0.86	0.00	1.00	1.00
ремок	2	2	14	14	16	12.50	12.50	16.67	16.67	0.00	0.00	0.05	0.00	0.08	0.00	0.92	0.00	1.00	1.00
стародачный	2	2	0	0	4	100.00	100.00	0.00	0.00	0.00	0.00	0.00	0.00	inf	0.00	0.00	0.00	0.00	1.00
дняра	1	1	4	4	5	20.00	20.00	25.00	25.00	0.04	0.00	0.02	0.00	1.66	0.00	0.00	0.00	0.00	1.00
вовсюда	1	1	6	6	4	14.29	14.29	33.33	33.33	0.03	0.00	0.01	0.00	3.40	0.00	0.00	0.00	0.00	1.00
харып	0	0	2	2	2	0.00	0.00	0.00	0.00	0.00	0.00	0.03	0.00	0.00	0.00	0.00	0.00	1.00	1.00
глоссик	4	4	0	0	4	100.00	100.00	100.00	100.00	0.00	0.00	0.00	0.00	inf	0.00	0.00	0.00	0.00	1.00
тырсить	0	0	9	9	1	0.00	0.00	0.00	0.00	0.00	0.00	0.04	0.00	0.00	0.00	0.00	0.00	1.00	1.00
мультифор	0	0	37	37	8	0.00	0.00	0.00	0.00	0.00	0.00	0.11	0.01	0.00	0.00	0.00	0.00	1.00	1.00
ламбина	0	0	1	1	7	0.00	0.00	0.00	0.00	0.00	0.00	0.07	0.00	0.00	0.00	0.00	0.00	1.00	1.00
коринка	0	0	8	8	11	0.00	0.00	0.00	0.00	0.00	0.00	0.03	0.00	0.00	0.00	0.00	0.00	1.00	1.00
явочка	0	0	2	2	0	0.00	0.00	0.00	0.00	0.00	0.00	0.06	0.00	0.00	0.00	0.00	0.00	1.00	1.00
заодним	5	5	3	3	12	62.50	62.50	62.50	62.50	0.01	0.00	0.01	0.00	2.40	0.00	0.10	0.00	0.22	1.00
видовка	1	1	0	0	0	100.00	100.00	100.00	100.00	0.01	0.00	0.00	0.00	inf	0.00	0.00	0.00	0.00	1.00
багул	3	3	4	4	4	42.86	42.86	50.00	50.00	0.04	0.00	0.03	0.00	1.10	0.00	0.30	0.00	0.50	1.00
Златка	0	0	1	1	0	0.00	0.00	0.00	0.00	0.00	0.00	0.00	0.00	0.00	0.00	0.00	0.00	1.00	1.00
рипус	0	0	1	1	11	0.00	0.00	0.00	0.00	0.00	0.00	0.01	0.00	0.00	0.00	0.00	0.00	1.00	1.00
тарбаган	1	1	3	3	4	25.00	25.00	25.00	25.00	0.05	0.00	0.02	0.00	3.24	0.00	0.00	0.00	0.00	1.00
захилять	0	0	2	2	1	0.00	0.00	0.00	0.00	0.00	0.00	0.00	0.00	0.00	0.00	0.00	0.00	1.00	1.00
Барнауполь	1	1	0	0	0	100.00	100.00	100.00	100.00	0.01	0.00	0.00	0.00	inf	0.00	0.00	0.00	0.00	1.00
надурняк	1	1	0	0	0	100.00	100.00	100.00	100.00	0.00	0.00	0.00	0.00	inf	0.00	0.00	0.00	0.00	1.00
кугутня	1	1	2	2	1	33.33	33.33	33.33	33.33	0.00	0.00	0.01	0.00	0.01	0.00	0.99	0.00	1.00	1.00
ламбушка	0	0	1	1	7	0.00	0.00	0.00	0.00	0.00	0.00	0.01	0.00	0.00	0.00	0.00	0.00	1.00	1.00
граз	0	0	28	28	37	0.00	0.00	0.00	0.00	0.00	0.00	0.11	0.00	0.00	0.00	0.00	0.00	1.00	1.00
бичёвник	0	0	1	1	6	0.00	0.00	0.00	0.00	0.00	0.00	0.00	0.00	0.00	0.00	0.00	0.00	1.00	1.00
тырситься	0	0	1	1	0	0.00	0.00	0.00	0.00	0.00	0.00	0.00	0.00	0.00	0.00	0.00	0.00	1.00	1.00
бормаш	0	0	2	2	1	0.00	0.00	0.00	0.00	0.00	0.00	0.02	0.00	0.00	0.00	0.00	0.00	1.00	1.00
хабот	0	0	3	3	0	0.00	0.00	0.00	0.00	0.00	0.00	0.03	0.00	0.00	0.00	0.00	0.00	1.00	1.00
царан	1	1	7	7	3	12.50	12.50	12.50	12.50	0.04	0.00	0.02	0.00	1.94	0.00	0.00	0.00	0.00	1.00
гопа	4	4	123	123	82	3.15	3.15	3.60	3.60	0.04	0.00	0.68	0.03	0.06	0.00	0.94	0.00	1.00	1.00
шурупать	4	4	0	0	1	100.00	100.00	100.00	100.00	0.00	0.00	0.00	0.00	inf	0.00	0.00	0.00	0.00	1.00
чойс	0	0	28	28	27	0.00	0.00	0.00	0.00	0.00	0.00	0.05	0.00	0.00	0.00	0.00	0.00	1.00	1.00
чухать	0	0	99	99	89	0.00	0.00	0.00	0.00	0.00	0.00	0.06	0.03	0.00	0.00	0.00	0.00	1.00	1.00
бозо	0	0	14	14	17	0.00	0.00	0.00	0.00	0.00	0.00	0.04	0.00	0.00	0.00	0.00	0.00	1.00	1.00
фортан	0	0	1	1	1	0.00	0.00	0.00	0.00	0.00	0.00	0.01	0.00	0.00	0.00	0.00	0.00	1.00	1.00
сорога	3	3	3	3	4	50.00	50.00	50.00	50.00	0.03	0.00	0.03	0.00	0.76	0.00	0.35	0.00	0.50	1.00
сахаляр	1	1	0	0	1	100.00	100.00	100.00	100.00	0.02	0.00	0.00	0.00	inf	0.00	0.00	0.00	0.00	1.00
шкрек	2	2	0	0	2	100.00	100.00	100.00	100.00	0.00	0.00	0.00	0.00	inf	0.00	0.00	0.00	0.00	1.00
кралька	4	4	2	2	5	66.67	66.67	100.00	100.00	0.02	0.00	0.00	0.00	13.27	0.00	0.00	0.00	0.00	1.00
вехотка	6	6	7	7	9	46.15	46.15	60.00	60.00	0.01	0.00	0.01	0.00	1.13	0.00	0.27	0.00	0.50	1.00
тосать	0	0	1	1	1	0.00	0.00	0.00	0.00	0.00	0.00	0.01	0.00	0.00	0.00	0.00	0.00	1.00	1.00
чепыжи	1	1	7	7	7	12.50	12.50	14.29	14.29	0.01	0.00	0.02	0.00	0.49	0.00	0.51	0.00	1.00	1.00
копач	1	1	83	83	73	1.19	1.19	1.39	1.39	0.00	0.00	0.08	0.01	0.06	0.00	0.94	0.00	1.00	1.00
тулик	0	0	3	3	0	0.00	0.00	0.00	0.00	0.00	0.00	0.01	0.00	0.00	0.00	0.00	0.00	1.00	1.00
лапшак	1	1	0	0	1	100.00	100.00	100.00	100.00	0.02	0.00	0.00	0.00	inf	0.00	0.00	0.00	0.00	1.00
растягай	0	0	2	2	2	0.00	0.00	0.00	0.00	0.00	0.00	0.03	0.00	0.00	0.00	0.00	0.00	1.00	1.00
тутник	0	0	1	1	0	0.00	0.00	0.00	0.00	0.00	0.00	0.00	0.00	0.00	0.00	0.00	0.00	1.00	1.00
пиджачник	0	0	8	8	3	0.00	0.00	0.00	0.00	0.00	0.00	0.01	0.00	0.00	0.00	0.00	0.00	1.00	1.00
скобариха	0	0	4	4	9	0.00	0.00	0.00	0.00	0.00	0.00	0.02	0.00	0.00	0.00	0.00	0.00	1.00	1.00
жамка	6	6	318	318	335	1.85	1.85	2.08	2.08	0.04	0.00	0.80	0.07	0.05	0.00	0.95	0.00	1.00	1.00
верхонка	1	1	1	1	2	50.00	50.00	100.00	100.00	0.01	0.00	0.00	0.00	18.28	0.00	0.00	0.00	0.00	1.00
грачевать	1	1	2	2	0	33.33	33.33	33.33	33.33	0.00	0.00	0.01	0.00	0.29	0.00	0.71	0.00	1.00	1.00
багадул	1	1	1	1	1	50.00	50.00	50.00	50.00	0.08	0.00	0.01	0.00	8.69	0.00	0.00	0.00	0.00	1.00
неудобица	1	1	0	0	1	100.00	100.00	100.00	100.00	0.00	0.00	0.00	0.00	inf	0.00	0.00	0.00	0.00	1.00
бичевоз	0	0	1	1	1	0.00	0.00	0.00	0.00	0.00	0.00	0.00	0.00	0.00	0.00	0.00	0.00	1.00	1.00
сотовик	0	0	10	10	6	0.00	0.00	0.00	0.00	0.00	0.00	0.27	0.00	0.00	0.00	0.00	0.00	1.00	1.00
альтфатер	1	1	1	1	4	50.00	50.00	50.00	50.00	0.00	0.00	0.00	0.00	2.71	0.00	0.00	0.00	0.00	1.00
растыка	5	5	2	2	4	71.43	71.43	71.43	71.43	0.02	0.00	0.01	0.00	2.02	0.00	0.14	0.00	0.22	1.00
блондать	0	0	2	2	3	0.00	0.00	0.00	0.00	0.00	0.00	0.00	0.00	0.00	0.00	0.00	0.00	1.00	1.00
бегушка	2	2	2	2	2	50.00	50.00	66.67	66.67	0.02	0.00	0.00	0.00	8.55	0.00	0.00	0.00	0.00	1.00
опанелка	0	0	1	1	1	0.00	0.00	0.00	0.00	0.00	0.00	0.01	0.00	0.00	0.00	0.00	0.00	1.00	1.00
Севик	0	0	3	3	4	0.00	0.00	0.00	0.00	0.00	0.00	0.05	0.00	0.00	0.00	0.00	0.00	1.00	1.00
буузная	1	1	1	1	0	50.00	50.00	50.00	50.00	0.03	0.00	0.01	0.00	2.52	0.00	0.00	0.00	0.00	1.00
порато	0	0	3	3	6	0.00	0.00	0.00	0.00	0.00	0.00	0.02	0.00	0.00	0.00	0.00	0.00	1.00	1.00
пиджачка	0	0	64	64	27	0.00	0.00	0.00	0.00	0.00	0.00	0.06	0.02	0.00	0.00	0.00	0.00	1.00	1.00
дирик	0	0	64	64	53	0.00	0.00	0.00	0.00	0.00	0.00	0.06	0.02	0.00	0.00	0.00	0.00	1.00	1.00
капшук	0	0	14	14	4	0.00	0.00	0.00	0.00	0.00	0.00	0.03	0.00	0.00	0.00	0.00	0.00	1.00	1.00
шурушки	2	2	2	2	4	50.00	50.00	66.67	66.67	0.02	0.00	0.00	0.00	6.28	0.00	0.00	0.00	0.00	1.00
домашники	0	0	15	15	23	0.00	0.00	0.00	0.00	0.00	0.00	0.03	0.02	0.00	0.00	0.00	0.00	1.00	1.00
полоротый	5	5	3	3	9	62.50	62.50	71.43	71.43	0.02	0.00	0.01	0.00	3.10	0.00	0.00	0.00	0.00	1.00
оптарь	1	1	0	0	0	100.00	100.00	100.00	100.00	0.01	0.00	0.00	0.00	inf	0.00	0.00	0.00	0.00	1.00
скобарь	0	0	11	11	33	0.00	0.00	0.00	0.00	0.00	0.00	0.07	0.00	0.00	0.00	0.00	0.00	1.00	1.00
ераз	0	0	16	16	9	0.00	0.00	0.00	0.00	0.00	0.00	0.06	0.00	0.00	0.00	0.00	0.00	1.00	1.00
чебурята	2	2	1	1	2	66.67	66.67	66.67	66.67	0.06	0.00	0.01	0.00	10.52	0.00	0.00	0.00	0.00	1.00
многоквартирник	3	3	5	5	1	37.50	37.50	42.86	42.86	0.01	0.00	0.02	0.00	0.50	0.00	0.50	0.00	1.00	1.00
Слепцовск	1	1	3	3	0	25.00	25.00	25.00	25.00	0.25	0.00	0.07	0.00	3.75	0.00	0.00	0.00	0.00	1.00
одяжка	0	0	3	3	0	0.00	0.00	0.00	0.00	0.00	0.00	0.00	0.00	0.00	0.00	0.00	0.00	1.00	1.00
вилюшка	0	0	5	5	2	0.00	0.00	0.00	0.00	0.00	0.00	0.02	0.00	0.00	0.00	0.00	0.00	1.00	1.00
богадул	0	0	1	1	0	0.00	0.00	0.00	0.00	0.00	0.00	0.00	0.00	0.00	0.00	0.00	0.00	1.00	1.00
молодожёнка	2	2	0	0	2	100.00	100.00	100.00	100.00	0.05	0.00	0.00	0.00	inf	0.00	0.00	0.00	0.00	1.00
Кишин	0	0	4	4	6	0.00	0.00	0.00	0.00	0.00	0.00	0.15	0.00	0.00	0.00	0.00	0.00	1.00	1.00
дерибас	2	2	38	38	20	5.00	5.00	5.71	5.71	0.03	0.00	0.10	0.10	0.30	0.00	0.70	0.00	1.00	1.00
Бирик	1	1	0	0	3	100.00	100.00	100.00	100.00	0.02	0.00	0.00	0.00	inf	0.00	0.00	0.00	0.00	1.00
скиба	1	1	0	0	0	100.00	100.00	100.00	100.00	0.00	0.00	0.00	0.00	inf	0.00	0.00	0.00	0.00	1.00
схилять	3	3	31	31	42	8.82	8.82	8.82	8.82	0.01	0.00	0.16	0.16	0.07	0.00	0.93	0.00	1.00	1.00
деляна	8	8	7	7	1	53.33	53.33	61.54	61.54	0.03	0.00	0.01	0.00	3.95	0.00	0.05	0.00	0.12	1.00
шарушки	1	1	3	3	1	25.00	25.00	50.00	50.00	0.00	0.00	0.00	0.00	1.09	0.00	0.00	0.00	0.00	1.00
вербач	1	1	0	0	1	100.00	100.00	100.00	100.00	0.00	0.00	0.00	0.00	inf	0.00	0.00	0.00	0.00	1.00
ранешний	4	4	13	13	5	23.53	23.53	28.57	28.57	0.00	0.00	0.04	0.00	0.07	0.00	0.93	0.00	1.00	1.00
политпроект	2	2	4	4	5	33.33	33.33	33.33	33.33	0.00	0.00	0.02	0.00	0.02	0.00	0.98	0.00	1.00	1.00
родовик	0	0	4	4	0	0.00	0.00	0.00	0.00	0.00	0.00	0.02	0.00	0.00	0.00	0.00	0.00	1.00	1.00
купорка	1	1	3	3	4	25.00	25.00	33.33	33.33	0.00	0.00	0.02	0.00	0.18	0.00	0.82	0.00	1.00	1.00
матиться	2	2	6	6	4	25.00	25.00	25.00	25.00	0.02	0.00	0.01	0.00	1.54	0.00	0.00	0.00	0.00	1.00
автолайн	1	1	20	20	24	4.76	4.76	5.88	5.88	0.00	0.00	0.15	0.15	0.00	0.00	1.00	0.00	1.00	1.00
рыпа	0	0	318	318	328	0.00	0.00	0.00	0.00	0.00	0.00	0.58	0.58	0.00	0.00	0.00	0.00	1.00	1.00
калать	0	0	257	257	208	0.00	0.00	0.00	0.00	0.00	0.00	0.45	0.45	0.00	0.00	0.00	0.00	1.00	1.00
шаварма	0	0	35	35	24	0.00	0.00	0.00	0.00	0.00	0.00	0.11	0.00	0.00	0.00	0.00	0.00	1.00	1.00
белоголовник	4	4	1	1	5	80.00	80.00	80.00	80.00	0.06	0.00	0.00	0.00	30.40	0.00	0.00	0.00	0.00	1.00
Вартовск	2	2	44	44	20	4.35	4.35	4.55	4.55	0.02	0.00	0.28	0.28	0.08	0.00	0.92	0.00	1.00	1.00
толчёнка	5	5	12	12	15	29.41	29.41	33.33	33.33	0.02	0.00	0.04	0.00	0.47	0.00	0.58	0.00	0.78	1.00
заоднем	0	0	1	1	2	0.00	0.00	0.00	0.00	0.00	0.00	0.00	0.00	0.00	0.00	0.00	0.00	1.00	1.00
кеч	0	0	41	41	53	0.00	0.00	0.00	0.00	0.00	0.00	0.29	0.04	0.00	0.00	0.00	0.00	1.00	1.00
кушери	2	2	16	16	6	11.11	11.11	13.33	13.33	0.01	0.00	0.05	0.05	0.18	0.00	0.82	0.00	1.00	1.00
бичарня	0	0	2	2	0	0.00	0.00	0.00	0.00	0.00	0.00	0.01	0.00	0.00	0.00	0.00	0.00	1.00	1.00
притёс	1	1	1	1	1	50.00	50.00	50.00	50.00	0.00	0.00	0.02	0.00	0.29	0.00	0.71	0.00	1.00	1.00
аргиш	0	0	3	3	6	0.00	0.00	0.00	0.00	0.00	0.00	0.02	0.00	0.00	0.00	0.00	0.00	1.00	1.00
дерибаска	0	0	3	3	3	0.00	0.00	0.00	0.00	0.00	0.00	0.01	0.00	0.00	0.00	0.00	0.00	1.00	1.00
мастерка	3	3	0	0	3	100.00	100.00	100.00	100.00	0.01	0.00	0.00	0.00	inf	0.00	0.00	0.00	0.00	1.00
улановский	2	2	14	14	9	12.50	12.50	13.33	13.33	0.06	0.00	0.07	0.00	0.84	0.00	0.16	0.00	1.00	1.00
мантышница	0	0	15	15	6	0.00	0.00	0.00	0.00	0.00	0.00	0.03	0.00	0.00	0.00	0.00	0.00	1.00	1.00
материковский	0	0	1	1	4	0.00	0.00	0.00	0.00	0.00	0.00	0.00	0.00	0.00	0.00	0.00	0.00	1.00	1.00
люксовка	0	0	1	1	0	0.00	0.00	0.00	0.00	0.00	0.00	0.00	0.00	0.00	0.00	0.00	0.00	1.00	1.00
каблуха	2	2	6	6	6	25.00	25.00	28.57	28.57	0.01	0.00	0.03	0.00	0.33	0.00	0.67	0.00	1.00	1.00
дикорос	6	6	88	88	51	6.38	6.38	6.90	6.90	0.02	0.00	0.16	0.21	0.14	0.00	0.86	0.00	1.00	1.00
вихотка	10	10	7	7	10	58.82	58.82	71.43	71.43	0.02	0.00	0.00	0.00	4.16	0.00	0.12	0.00	0.14	1.00
крутка	0	0	278	278	165	0.00	0.00	0.00	0.00	0.00	0.00	0.15	0.14	0.00	0.00	0.00	0.00	1.00	1.00
