[1.4, 0.9, 3.8, 2.7, 1.8, 1.6, 1.2, 0.7, 4.8, 4.0, 2.1, 0.7, 0.4, 0.2, 1.4, 1.1, 0.2]

[83.0, 85.2, 77.2, 83.0, 83.6, 77.3, 79.6, 82.4, 71.2, 72.5, 77.0, 87.0, 89.0, 93.0, 83.6, 85.5, 90.0]\
,\
[5.5, 3.7, 2.3, 0.4, 1.3, 5.2, 4.0, 4.8, 6.8, 5.2, 3.7, 2.9, 3.1, 6.4]\
,\
[3.5, 2.4, 9.8, 8.9, 4.8, 4.0, 4.4, 3.4, 6.8, 5.7, 4.4, 2.6, 2.4, 0.6, 10.3, 6.6]\
,\
[1.6, 2.1, 2.3, 1.8, 2.9, 1.5, 1.9, 1.9, 1.5, 1.8, 1.3, 2.1, 3.6, 3.1, 3.9]


[82.3,	3.95,	5.0375,	2.22]

[0.2, 1.8, 2.2, 0.4, 0.8, 1.1, 2.9, 5.8, 7.2, 1.1, 1.9, 2.5, 4.1, 6.2, 8.5, 2.1, 2.9]

[74.6, 72.3, 91.2, 85.5, 82.8, 65.0, 61.1, 61.1, 78.3, 75.1, 71.0, 76.5, 71.8, 66.8, 79.1, 76.8]

[1.7, 1.4, 3.8, 2.7, 3.1, 7.2, 7.9, 8.5, 3.6, 4.4, 6.6, 5.4, 6.3, 7.9, 7.6, 8.6]

[9.4, 15.4, 0.7, 1.8, 3.0, 5.8, 6.3, 7.8, 4.3, 4.8, 4.7, 6.7, 9.0, 9.8, 2.6, 3.0]

[3.3, 2.2   , 1.9, 1.5, 1.0, 1.6, 1.5, 1.6, 1.6, 1.4, 2.2, 2.6, 2.9, 1.3, 1.5]

[74.3,	5.4,	5.9,	1.87]



[7.9, 6.7, 18.0, 14.3, 11.0, 5.6, 3.6, 1.9, 12.5, 9.8, 5.4, 4.4, 3.7, 2.1, 6.7, 6.2, 3.0]
[62.9, 65.0, 54.9, 60.9, 65.2, 62.1, 68.8, 74.1, 55.8, 57.6, 63.1, 69.2, 69.5, 72.7, 71.3, 72.3, 84.5]

[13.1, 12.0, 11.9, 10.6, 8.3, 9.0, 6.8, 6.1, 9.6, 8.5, 8.2, 6.4, 5.6, 5.9, 3.2, 3.0, 1.9]

[5.5, 5.4, 10.3, 8.6, 7.3, 6.7, 5.8, 4.8, 8.5, 5.7, 3.3, 7.1, 7.3, 8.5, 9.7, 7.7, 2.7]


[2.0, 1.8, 3.1, 2.1, 1.5, 1.9, 2.2, 1.5, 2.7, 3.1, 2.1, 1.4, 1.9, 1.1, 2.2, 2.4, 1.0]

[66.46,	7.65,	6.75,	2.0]